	📮 Validators Performance Insights Report for Polkadot from 790 // 4776 to 793 // 4799
	56992 blocks recorded from #11403744 to #11460736

#	Validator	Subset	Active Sessions	P/V Sessions	❒	↻	✓i	✓e	✗	Grade	MVR	Avg. PPTS	Score	Commission (%)	Commission Score	Timeline
1	pos.dog/10	OTH	24	21	214	2618	4633	5092	13	A+	0.0013	10374	0.9862	3	0.974	•❚❚❚❚❚❚❚❚❚•❚❚❚❚❚❚❚❚❚❚❚•❚
2	13e8KM...RkfuQW	100C	24	21	201	2617	3077	6571	13	A+	0.0013	10358	0.9858	100	0.2465	❚❚❚❚•❚•❚❚❚❚❚❚❚❚❚❚❚❚❚❚❚❚•
3	14wC1K...boo4CA	100C	24	21	214	2612	3327	6333	21	A+	0.0022	10354	0.9851	100	0.2463	❚❚❚❚❚•❚❚❚❚❚❚❚❚❚❚••❚❚❚❚❚❚
4	13dCwi...gikWjK	100C	24	21	197	2625	3606	6018	15	A+	0.0016	10318	0.9848	100	0.2462	❚❚❚❚❚❚•❚•❚•❚❚❚❚❚❚❚❚❚❚❚❚❚
5	13NL7w...vBokgT	100C	24	21	205	2627	4205	5507	37	A+	0.0038	10375	0.9844	100	0.2461	❚❚❚❚❚❚❚❚❚••❚❚❚❚❚❚❚•❚❚❚❚❚
6	13KuUi...yQvjAF	100C	24	20	220	2495	3306	5962	20	A+	0.0022	10416	0.9835	100	0.2459	❚•❚❚❚•❚❚••❚❚❚❚❚❚❚❚❚❚❚❚❚❚
7	12Bf7t...AqrHJ4	100C	24	22	185	2749	54	9925	46	A+	0.0046	10201	0.983	100	0.2458	❚❚❚❚❚❚❚❚❚❚❚❚❚❚❚❚❚❚❚❚••❚❚
8	139FVS...q1YvRc	100C	24	20	217	2502	3729	5512	23	A+	0.0025	10401	0.983	100	0.2457	❚❚❚❚❚•❚❚❚❚❚❚❚❚•❚❚••❚❚❚❚❚
9	PureStake/01	TVP	24	20	220	2490	2821	6424	13	A+	0.0014	10352	0.9827	3	0.9732	❚❚❚❚❚❚❚❚❚❚•❚❚•❚•❚❚•❚❚❚❚❚
10	15QKfr...w5CWnY	100C	24	20	209	2487	2706	6521	14	A+	0.0015	10351	0.9826	100	0.2457	❚❚•❚❚❚•❚❚❚❚❚❚❚❚❚❚❚❚❚•❚❚•
11	Blockdaemon/1	OTH	24	20	197	2497	3373	5868	20	A+	0.0022	10364	0.9824	3	0.9731	❚❚❚❚❚❚❚❚❚❚❚❚❚••❚❚❚•❚•❚❚❚
12	14rquP...yyL2vM	100C	24	20	204	2497	3087	6121	14	A+	0.0015	10335	0.9823	100	0.2456	❚•❚❚❚❚❚❚❚❚❚❚•❚•❚❚•❚❚❚❚❚❚
13	pos.dog/3	OTH	24	20	183	2494	3305	5897	23	A+	0.0025	10367	0.9822	3	0.9731	❚❚❚❚❚❚❚❚❚••❚•❚❚•❚❚❚❚❚❚❚❚
14	15apjb...8WAaKP	100C	24	20	217	2499	4009	5201	13	A+	0.0014	10291	0.9815	100	0.2454	❚❚❚❚❚❚•••❚❚❚❚❚❚❚❚❚❚❚❚•❚❚
15	15tu47...eNyKLy	100C	24	21	237	2620	56	9561	47	A+	0.0049	10264	0.9812	100	0.2453	❚❚❚❚❚❚❚❚••❚❚❚❚•❚❚❚❚❚❚❚❚❚
16	19wuq9...9mdefC	100C	24	19	195	2376	3449	5314	17	A+	0.0019	10406	0.9806	100	0.2451	❚❚•❚•❚❚❚❚❚❚••❚❚❚❚❚❚❚❚•❚❚
17	BINANCE_STAKE_8	100C	24	20	170	2501	3670	5578	66	A+	0.0071	10447	0.9805	100	0.2451	❚❚❚•❚❚❚❚❚❚❚❚❚❚❚❚❚❚•❚•❚❚•
18	14Fqi7...KhWCFd	100C	24	19	190	2371	3133	5603	14	A+	0.0016	10346	0.9796	100	0.2449	•❚❚••❚•❚❚❚❚❚❚❚❚❚❚❚•❚❚❚❚❚
19	🐟YellowFin Tuna🐟	OTH	24	20	243	2495	3480	5761	39	A+	0.0042	10294	0.9794	1	0.9874	❚❚❚❚❚❚❚❚•❚❚•❚❚❚❚•❚•❚❚❚❚❚
20	12y1iX...xRVV4v	100C	24	20	205	2504	119	9024	46	A+	0.005	10321	0.9794	100	0.2448	❚❚❚❚❚❚❚❚❚❚❚❚❚❚•❚••❚❚❚❚❚•
21	14VWEJ...rnmqFd	100C	24	19	232	2369	3647	5086	14	A+	0.0016	10330	0.9792	100	0.2448	•❚❚•❚❚❚❚••❚❚❚❚❚❚❚❚•❚❚❚❚❚
22	13KsAp...Ch7hsX	100C	24	18	196	2258	3303	5042	6	A+	0.0007	10427	0.979	100	0.2448	❚❚❚❚❚❚••❚•❚❚❚❚❚❚•❚•❚•❚❚❚
23	CP287-CLOUDWALK	OTH	24	18	201	2252	3664	4697	6	A+	0.0007	10424	0.9789	3	0.9722	❚❚❚❚❚❚•❚❚❚••❚❚❚❚❚•❚❚❚••❚
24	126CY1...7R8RkN	100C	24	19	189	2367	2856	5853	21	A+	0.0024	10332	0.9787	100	0.2447	❚•❚•❚❚❚❚❚❚❚•❚•❚❚❚❚❚•❚❚❚❚
25	synclub-2	100C	24	18	189	2261	2536	5866	49	A+	0.0058	10568	0.9782	100	0.2445	❚❚❚❚•❚•❚❚❚❚❚❚❚❚•❚❚•❚•❚•❚
26	Staker Space	OTH	24	18	238	2250	3778	4548	6	A+	0.0007	10385	0.9781	3	0.972	••❚❚❚❚❚❚❚•❚•❚❚❚❚❚❚•❚❚❚•❚
27	1124Rs...t3AB6o	100C	24	18	231	2251	4267	4057	7	A+	0.0008	10378	0.9779	100	0.2445	❚❚•❚•❚•❚•❚❚❚❚❚❚❚❚•❚❚❚❚❚•
28	13j3xp...3JHP7d	100C	24	20	207	2501	70	8988	41	A+	0.0045	10223	0.9777	100	0.2444	❚❚•❚•❚❚❚❚❚❚❚❚❚❚❚❚❚❚•❚•❚❚
29	12eA9g...eautfX	100C	24	18	210	2261	3205	5129	26	A+	0.0031	10446	0.9776	100	0.2444	❚••❚••❚❚❚❚•❚❚❚❚❚❚❚❚•❚❚❚❚
30	1h2JtS...eVzc8T	100C	24	18	198	2245	2902	5373	13	A+	0.0016	10388	0.9775	100	0.2444	❚❚❚❚•❚❚❚❚••••❚❚❚❚•❚❚❚❚❚❚
31	16LqQS...QkKF3E	100C	24	18	202	2253	3418	4896	12	A+	0.0014	10383	0.9775	100	0.2444	❚❚•❚❚❚❚❚❚❚❚❚••❚•❚❚••❚❚❚❚
32	binance_stake_2	100C	24	19	183	2369	3455	5326	48	A+	0.0054	10378	0.9774	100	0.2443	❚❚•❚❚❚❚❚•❚❚❚•❚❚❚❚❚•❚❚❚❚•
33	pos.dog/1	OTH	24	18	231	2251	3957	4379	12	A+	0.0014	10354	0.9769	3	0.9717	❚•❚❚❚❚❚❚•❚❚❚❚❚❚••❚•❚❚❚❚•
34	pos.dog/2	OTH	24	18	232	2244	3959	4335	7	A+	0.0008	10328	0.9768	3	0.9717	❚❚❚❚❚•❚❚❚❚❚❚••❚❚❚••❚•❚❚❚
35	168Qoo...vVuMhm	100C	24	18	183	2245	2951	5341	13	A+	0.0016	10351	0.9768	100	0.2442	❚❚❚❚•❚❚❚••❚❚❚❚❚❚•❚❚•❚❚•❚
36	MC | Parallel | Polka Haus	OTH	24	18	247	2241	3241	5042	3	A+	0.0004	10298	0.9766	1	0.9866	•❚❚❚❚❚❚❚•❚❚❚❚❚❚•❚❚❚❚•••❚
37	Blockdaemon/6	OTH	24	18	247	2245	3552	4802	13	A+	0.0016	10338	0.9765	3	0.9716	❚❚❚❚❚❚•❚•❚❚❚•❚❚❚❚••❚•❚❚❚
38	14uNsk...obuDhw	100C	24	17	185	2121	3102	4828	14	A+	0.0018	10481	0.9764	100	0.2441	•❚❚❚❚❚•❚❚❚❚❚❚••❚••❚❚❚•❚❚
39	12JZr1...E8uwLo	100C	24	17	162	2129	3202	4695	15	A+	0.0019	10478	0.9763	100	0.2441	•❚❚••••❚❚❚❚••❚❚❚❚❚❚❚❚❚❚❚
40	1ZhsUE...ybgATT	100C	24	18	206	2244	2766	5488	16	A+	0.0019	10338	0.9762	100	0.2441	❚❚❚•❚❚❚❚❚❚❚••❚❚•❚❚❚••❚❚❚
41	BINANCE_STAKE_7	100C	24	18	160	2250	3391	4879	32	A+	0.0039	10403	0.9761	100	0.244	•❚❚❚••❚❚❚❚•❚❚❚•❚❚❚❚❚❚❚•❚
42	12HTVp...rJJo6A	100C	24	18	222	2249	3314	4921	12	A+	0.0015	10316	0.9761	100	0.244	❚•❚•❚❚•❚❚❚❚❚•❚❚❚❚❚❚•❚❚❚•
43	Joe/V01	OTH	24	20	161	2497	3991	5165	102	A	0.011	10377	0.9761	1.9	0.9798	❚❚❚•❚❚❚❚❚•❚❚❚❚•❚•❚❚❚❚❚❚❚
44	13EoWM...UL7Cyb	100C	24	18	182	2243	3050	5253	17	A+	0.002	10334	0.9761	100	0.244	•❚❚•❚❚❚❚❚❚❚❚❚•••❚❚❚❚❚•❚❚
45	BINANCE_STAKE_9	100C	24	19	169	2378	3280	5421	74	A+	0.0084	10422	0.976	100	0.244	•❚❚❚❚❚•❚•❚•❚❚❚❚❚❚❚❚❚❚•❚❚
46	14das6...9n8VDV	100C	24	19	258	2373	2543	6124	16	A+	0.0018	10177	0.9758	100	0.244	❚❚•❚❚❚••❚❚❚•❚❚❚❚•❚❚❚❚❚❚❚
47	14oxWC...TSN1Cj	100C	24	17	190	2132	2141	5798	19	A+	0.0024	10474	0.9758	100	0.244	❚❚❚❚❚❚❚••❚❚❚❚❚•❚❚•❚❚•••❚
48	13ippe...u9JMUe	100C	24	18	216	2240	2760	5448	14	A+	0.0017	10308	0.9758	100	0.2439	❚❚❚❚❚❚❚•❚••❚❚❚❚•❚❚•❚❚❚❚•
49	12woCF...bV9tDy	100C	24	18	246	2250	3538	4678	17	A+	0.0021	10306	0.9755	100	0.2439	❚❚❚••❚•❚❚•❚❚❚❚❚❚•❚❚❚•❚❚❚
50	Zug Capital/10	OTH	24	17	247	2129	2841	5034	11	A+	0.0014	10415	0.9753	5	0.9563	❚❚❚❚•❚❚❚❚❚•❚❚•❚❚•❚❚❚•••❚
51	15M114...uTZAd6	100C	24	17	216	2124	2617	5200	7	A+	0.0009	10396	0.9753	100	0.2438	•❚❚❚❚••❚❚••❚❚❚❚❚❚❚❚•❚•❚❚
52	P2P.ORG/2	OTH	24	18	238	2256	3532	4793	50	A+	0.006	10415	0.9748	0.5	0.99	❚❚•❚••❚❚❚❚•❚❚❚•❚❚❚❚❚❚•❚❚
53	142zbv...965Du6	100C	24	17	210	2130	2488	5385	13	A+	0.0016	10397	0.9748	100	0.2437	•❚❚•••❚❚❚❚❚•❚❚❚❚❚•❚❚❚❚•❚
54	binance_stake_1	100C	24	18	176	2240	3112	5177	52	A+	0.0062	10412	0.9746	100	0.2436	❚•❚❚❚❚❚❚•❚❚❚•❚❚•••❚❚❚❚❚❚
55	1nTfEE...e6j86s	100C	24	17	269	2126	3599	4264	8	A+	0.001	10364	0.9745	100	0.2436	❚❚❚❚•❚••❚❚•❚•❚❚❚•❚•❚❚❚❚❚
56	12Dwdm...Dd8trq	100C	24	17	214	2124	2496	5387	17	A+	0.0022	10400	0.9744	100	0.2436	•❚❚❚❚❚❚❚❚❚❚❚••❚❚❚❚•••❚•❚
57	13p9kJ...Rueo9E	100C	24	19	182	2377	3113	5570	75	A+	0.0086	10349	0.9744	100	0.2436	❚❚•❚❚•❚❚❚❚❚❚❚❚•❚❚❚•❚❚•❚❚
58	14DCwC...g5yc5T	100C	24	18	206	2244	2953	5242	13	A+	0.0016	10232	0.9743	100	0.2436	❚❚•❚❚❚❚•❚❚❚•❚❚•❚❚•❚❚❚❚•❚
59	Blockdaemon/5	OTH	24	17	209	2115	3075	4783	12	A+	0.0015	10367	0.9742	3	0.9711	❚❚•❚❚••❚❚❚❚❚•❚•❚❚❚•❚❚•❚❚
60	126Qit...WVqFGs	100C	24	17	194	2121	2743	5091	13	A+	0.0017	10350	0.9738	100	0.2434	•❚•❚•❚•❚❚❚••❚•❚❚❚❚❚❚❚❚❚❚
61	Polychain Labs/Validator 01	OTH	24	17	206	2129	3620	4226	10	A+	0.0013	10336	0.9738	20	0.8434	❚•❚❚❚•❚❚❚❚❚❚❚❚❚•❚•❚••❚•❚
62	Staking4All 🥩/???	OTH	24	17	187	2123	3231	4615	23	A+	0.0029	10392	0.9737	1	0.9859	❚❚❚•••❚•❚❚❚•❚❚❚••❚❚❚❚❚❚❚
63	1eLUhR...muTatG	100C	24	22	152	2747	163	9750	149	A	0.0148	10121	0.9737	100	0.2434	❚❚•❚❚❚❚•❚❚❚❚❚❚❚❚❚❚❚❚❚❚❚❚
64	1KmtAW...NK4yMx	100C	24	16	210	2012	2939	4509	16	A+	0.0021	10491	0.9734	100	0.2434	❚❚•❚•••❚•❚❚❚❚❚❚❚❚•❚❚❚••❚
65	pos.dog/7	OTH	24	16	239	2001	3311	4145	11	A+	0.0015	10462	0.9733	3	0.9708	•❚❚❚•❚••❚•❚❚•••❚❚❚❚❚❚❚❚❚
66	13zYzY...yznpSv	100C	24	17	212	2122	2619	5260	17	A+	0.0022	10344	0.9733	100	0.2433	•❚❚❚••❚•❚•❚❚❚❚❚❚•❚❚❚❚❚❚•
67	Polychain Labs/Validator 03	OTH	24	18	163	2247	2831	5474	72	A+	0.0086	10434	0.9732	20	0.8433	•❚•❚❚❚❚❚❚•❚❚❚❚❚❚❚•❚•❚•❚❚
68	pos.dog/9	OTH	24	16	218	2006	3288	4110	6	A+	0.0008	10417	0.9729	3	0.9707	❚❚❚•❚•❚❚❚❚•••❚❚❚❚❚••❚•❚❚
69	pos.dog/4	OTH	24	17	199	2123	3479	4319	22	A+	0.0028	10340	0.9727	3	0.9707	•❚••❚❚❚•❚❚❚❚•❚•❚❚•❚❚❚❚❚❚
70	14CRo9...3BBXkK	100C	24	18	160	2252	3107	5190	75	A+	0.009	10415	0.9726	100	0.2431	❚•❚❚❚❚•❚•❚❚••❚❚❚❚❚❚❚❚❚•❚
71	Zug Capital/02	OTH	24	16	217	1998	2778	4657	3	A+	0.0004	10386	0.9725	5	0.9556	❚❚••••❚❚❚•❚•❚•❚❚❚•❚❚❚❚❚❚
72	13rw7b...4szYme	100C	24	16	177	2007	2607	4825	21	A+	0.0028	10467	0.9724	100	0.2431	••❚•❚❚•••❚•❚❚❚❚❚❚❚❚❚❚❚❚•
73	16FUnn...AjkaZ5	OTH	24	19	176	2372	1973	6682	84	A+	0.0096	10292	0.9724	10	0.9181	❚•❚❚••❚❚❚❚❚❚❚❚❚❚❚❚❚•❚•❚❚
74	15thjf...SNwwQQ	100C	24	17	207	2118	3438	4372	17	A+	0.0022	10301	0.9724	100	0.2431	•❚❚❚❚❚•❚•❚•❚❚•❚❚•❚❚❚❚•❚❚
75	168FJ5...PCnCKR	100C	24	18	203	2253	80	8096	32	A+	0.0039	10217	0.9722	100	0.2431	•❚•❚❚❚❚❚❚•❚❚❚❚❚❚•❚❚❚•❚•❚
76	12VYdJ...nzPtAL	100C	24	16	213	2002	2607	4792	10	A+	0.0013	10392	0.972	100	0.243	❚•❚❚❚•❚••❚❚❚❚❚❚••❚•❚•❚❚❚
77	Jaco/v02	OTH	24	16	208	2005	3233	4181	13	A+	0.0018	10403	0.9719	1	0.9855	❚••❚••❚•❚•••❚❚❚❚❚❚❚❚❚❚❚❚
78	15vUnT...fhPyaU	100C	24	17	215	2124	3236	4609	31	A+	0.0039	10337	0.9718	100	0.2429	❚•❚❚❚••❚❚❚❚•❚❚❚❚❚•❚❚•❚•❚
79	12pv5M...oTuH3D	100C	24	19	177	2369	2424	6231	80	A+	0.0092	10244	0.9717	100	0.2429	❚•❚•❚❚❚❚❚❚•❚❚•❚❚❚❚❚❚❚❚•❚
80	BINANCE_STAKE_12	100C	24	17	165	2135	2935	4969	67	A+	0.0084	10494	0.9717	100	0.2429	❚❚❚❚•❚❚•❚❚•❚❚❚❚❚❚•❚•••❚❚
81	16GNUa...Q92VxJ	100C	24	16	158	2001	2830	4544	8	A+	0.0011	10368	0.9717	100	0.2429	••❚•❚❚❚❚•❚❚❚•❚•❚❚❚❚❚❚••❚
82	13Ybj8...ncHGzc	100C	24	16	207	2002	1185	6221	11	A+	0.0015	10381	0.9716	100	0.2429	•❚•❚❚❚❚❚❚•❚❚••❚❚❚❚•❚•❚❚•
83	15Atw3...xrN4RM	100C	24	16	188	1989	2242	5082	6	A+	0.0008	10355	0.9716	100	0.2429	❚❚••❚❚❚❚••❚❚❚•❚❚••❚❚•❚❚❚
84	168bhP...N4wQiU	100C	24	17	184	2127	2694	5119	44	A+	0.0056	10385	0.9715	100	0.2429	•❚❚❚•••❚❚•❚❚❚❚❚❚❚❚•❚❚❚❚•
85	143CgB...h2pA4N	100C	24	18	177	2246	39	8143	42	A+	0.0051	10227	0.9715	100	0.2429	❚❚❚••❚❚❚•❚•❚❚❚•❚❚❚❚❚❚❚❚•
86	Ryabina/ 2	OTH	24	16	200	2010	20	7366	13	A+	0.0018	10385	0.9715	2	0.9779	•❚•❚❚❚••❚••❚❚❚❚❚•❚❚❚❚•❚❚
87	BINANCE_STAKE_3	100C	24	17	186	2123	3117	4712	46	A+	0.0058	10387	0.9714	100	0.2429	❚❚❚•❚•❚❚❚•❚❚❚••❚•❚❚❚❚•❚❚
88	15chyQ...98zgFa	100C	24	17	198	2119	2872	4894	22	A+	0.0028	10278	0.9714	100	0.2428	•❚❚❚❚•❚❚❚❚•❚❚❚❚•❚❚❚•❚❚••
89	🐟YellowFin Tuna🐟/🌊Adriatic🌊	TVP	24	20	201	2497	2909	6174	124	A	0.0135	10241	0.9714	5	0.9553	❚❚•❚❚❚❚❚❚❚❚❚❚❚❚•❚❚❚•❚❚❚•
90	14JUa7...cZmCqE	100C	24	15	200	1875	3147	3844	3	A+	0.0004	10469	0.9714	100	0.2428	❚❚❚❚••❚••❚❚❚❚••❚•❚❚•❚❚❚•
91	14zcMS...BpBQsE	100C	24	16	201	1990	2523	4819	11	A+	0.0015	10343	0.9708	100	0.2427	•❚❚❚❚❚❚••❚••❚❚❚❚❚••❚❚❚•❚
92	12KWfE...yao1YT	100C	24	16	218	1995	1926	5427	18	A+	0.0024	10371	0.9707	100	0.2427	•❚❚❚❚•❚•❚❚•❚❚❚❚❚❚❚••❚❚••
93	15UVN8...nszdQY	100C	24	17	194	2123	3322	4477	35	A+	0.0045	10304	0.9707	100	0.2427	❚•❚❚❚❚❚••❚❚❚•❚•❚❚❚❚❚•❚•❚
94	BINANCE_STAKE_4	100C	24	16	162	1994	2813	4559	44	A+	0.0059	10492	0.9706	100	0.2427	❚•❚❚❚❚•❚••❚❚•❚••❚❚•❚❚❚❚❚
95	14PnsL...ZDeppz	100C	24	15	219	1876	1963	5024	10	A+	0.0014	10469	0.9706	100	0.2427	•❚❚•••❚❚❚•❚❚•❚❚❚••❚❚•❚❚❚
96	14Y6TZ...Vd7A4T	100C	24	16	256	1996	3258	4115	18	A+	0.0024	10356	0.9704	100	0.2426	❚•❚❚❚❚•❚•❚❚❚❚•❚•❚•❚❚•❚❚•
97	15tomn...REmsw2	100C	24	16	194	1993	2271	5062	5	A+	0.0007	10291	0.9703	100	0.2426	❚❚❚•❚❚•❚❚❚❚❚•••❚••❚❚❚❚•❚
98	13unmJ...N31NsF	100C	24	16	215	1995	2377	4965	13	A+	0.0018	10321	0.9702	100	0.2425	❚❚•❚❚•••❚❚••❚❚•❚❚❚❚❚❚•❚❚
99	14E5oi...NFcUpF	100C	24	16	177	1992	2489	4802	11	A+	0.0015	10310	0.9701	100	0.2425	❚•❚❚❚•❚•❚❚•❚❚❚❚❚❚❚❚••❚••
100	pos.dog/0	OTH	24	16	241	1997	3170	4216	23	A+	0.0031	10356	0.9699	3	0.97	❚❚❚❚•❚❚❚❚•❚❚•❚•❚•❚❚❚••❚•
101	14tcr2...RsFs26	100C	24	15	197	1871	2055	4847	9	A+	0.0013	10416	0.9696	100	0.2424	❚❚•❚❚•••❚•❚•❚❚❚•••❚❚❚❚❚❚
102	13v1KU...qUwdVs	100C	24	18	222	2240	65	8104	55	A+	0.0067	10190	0.9696	100	0.2424	❚••❚❚❚•❚•❚❚❚❚❚❚❚•❚•❚❚❚❚❚
103	12EZem...SDfWd2	100C	24	15	180	1875	1986	4982	11	A+	0.0016	10414	0.9693	100	0.2423	❚••❚❚❚•❚❚❚••❚•❚❚❚••❚❚❚•❚
104	16ky64...B7LHHR	100C	24	17	197	2124	37	7706	35	A+	0.0045	10236	0.9692	100	0.2423	❚❚•❚•❚•❚❚❚•❚••❚❚❚❚❚❚❚❚•❚
105	Zug Capital/18	OTH	24	15	210	1877	3091	3855	0	A+	0	10353	0.9692	5	0.9548	❚❚❚❚•❚•❚•❚••❚❚•••❚❚•❚❚❚❚
106	1264tb...z8D2Bw	100C	24	16	231	1999	3221	4042	12	A+	0.0016	10261	0.969	100	0.2422	❚❚•❚❚•❚❚•❚•❚❚❚❚•❚❚•❚••❚❚
107	16aaUs...cj1Qbt	100C	24	16	192	1989	2832	4446	14	A+	0.0019	10267	0.9689	100	0.2422	•❚❚❚❚❚❚•❚•❚•❚❚❚•❚•❚❚••❚❚
108	15VbT8...w57qzp	100C	24	17	190	2127	58	7710	45	A+	0.0058	10265	0.9689	100	0.2422	❚••❚❚•❚•❚•❚❚❚❚•❚❚❚❚❚❚❚❚•
109	Blockdaemon/0	OTH	24	15	185	1874	2249	4685	7	A+	0.001	10368	0.9688	3	0.9697	❚•❚❚❚•❚•❚❚❚❚❚••••❚❚❚❚❚••
110	135wKS...BVSZ1R	100C	24	15	219	1875	1881	5028	7	A+	0.001	10365	0.9687	100	0.2422	•❚❚•❚••❚❚❚•❚❚❚❚❚•❚•❚❚••❚
111	BINANCE_STAKE_10	100C	24	16	171	1999	2828	4552	50	A+	0.0067	10428	0.9687	100	0.2422	❚❚❚•❚❚❚❚❚❚❚•••••❚••❚❚❚❚❚
112	Blockdaemon/2	OTH	24	15	225	1876	3166	3731	8	A+	0.0012	10365	0.9686	3	0.9697	❚❚•❚•❚❚❚❚❚❚•❚•❚•❚•❚❚❚•••
113	BINANCE_STAKE_6	100C	24	16	148	2001	2701	4665	52	A+	0.007	10431	0.9685	100	0.2421	❚•❚••❚❚•❚•❚❚❚❚•❚❚•❚•❚❚❚❚
114	13sWHD...Ti1Ahc	100C	24	15	201	1874	2240	4686	12	A+	0.0017	10374	0.9684	100	0.2421	❚••❚•❚••❚❚••❚❚❚❚❚❚❚•❚❚•❚
115	13JuYF...nncGxx	100C	24	14	194	1755	2134	4401	11	A+	0.0017	10510	0.9684	100	0.2421	❚•❚••••❚❚❚❚•❚❚❚••❚•❚❚❚❚•
116	Blockdaemon/4	OTH	24	15	227	1876	2800	4110	12	A+	0.0017	10368	0.9683	3	0.9696	❚❚•❚❚•••❚•❚❚•❚❚•❚❚❚❚❚••❚
117	Mark Crince DOT control/MC1	TVP	24	15	228	1873	3308	3630	12	A+	0.0017	10364	0.9682	5	0.9545	❚•❚❚❚•❚❚❚•❚❚❚••••❚❚•❚•❚❚
118	138LYm...nt6xpa	100C	24	15	201	1872	2157	4762	14	A+	0.002	10366	0.968	100	0.242	❚••❚❚•❚❚❚❚•❚•❚❚❚❚•❚❚•••❚
119	Polkadot.pro - Realgar	OTH	24	15	204	1873	2317	4574	4	A+	0.0006	10308	0.9679	1	0.9845	❚••❚•❚❚❚❚•❚•❚❚❚••❚•❚❚•❚❚
120	13Qsfw...BgXcKN	100C	24	15	229	1869	2993	3886	10	A+	0.0015	10338	0.9678	100	0.242	•❚❚❚❚❚❚❚•❚❚•❚❚❚❚••❚••••❚
121	13AtGS...SX1yDR	100C	24	15	209	1869	2039	4812	15	A+	0.0022	10361	0.9678	100	0.2419	❚❚❚❚❚•❚❚❚❚❚❚❚•••❚❚❚•••••
122	14zoBY...kEcCLs	100C	24	15	216	1873	2129	4821	16	A+	0.0023	10345	0.9673	100	0.2418	❚❚❚❚❚•❚❚••❚❚•❚❚❚••❚•❚••❚
123	15DDuw...o6bYbq	100C	24	16	221	1996	2265	5050	22	A+	0.003	10217	0.9671	100	0.2418	❚❚❚❚❚•❚•❚•❚❚••❚❚•❚•❚•❚❚❚
124	Jaco/v04	OTH	24	18	197	2249	3079	5194	108	A	0.0129	10280	0.9668	1	0.9842	❚❚❚•❚❚❚❚•❚❚•❚❚❚❚•❚❚••❚❚❚
125	15JmHu...9g1Bgg	100C	24	15	218	1868	2468	4395	18	A+	0.0026	10324	0.9667	100	0.2417	•••❚❚•❚❚❚•❚•❚❚•❚❚❚•❚❚❚❚•
126	Jaco/v01	OTH	24	15	215	1861	3022	3835	7	A+	0.001	10265	0.9666	1	0.9842	❚❚••❚❚•❚•❚❚•❚❚❚•❚•❚•❚❚❚•
127	15QPDZ...MrGQVH	OTH	24	14	189	1742	2932	3548	6	A+	0.0009	10398	0.9666	0	0.9916	❚❚••❚❚❚••❚••❚•❚❚❚❚•❚•❚❚•
128	13BjZT...gSHKAT	100C	24	14	220	1758	2017	4499	8	A+	0.0012	10408	0.9666	100	0.2416	❚❚•••••❚❚❚❚❚••❚❚❚❚❚❚•••❚
129	P2P.ORG/15	OTH	24	18	217	2249	3081	5150	111	A	0.0133	10263	0.9661	0.5	0.9878	❚•❚•❚❚❚❚❚❚❚❚❚❚••❚❚❚•❚❚•❚
130	Blockdaemon/7	OTH	24	13	200	1632	2236	3862	14	A+	0.0023	10558	0.966	3	0.969	❚❚❚•••••❚•❚••••❚❚•❚❚❚❚❚❚
131	12BxCy...4mKaYo	100C	24	15	215	1861	2388	4492	12	A+	0.0017	10254	0.9659	100	0.2415	❚•❚❚❚❚•❚❚•❚❚❚••❚•❚••❚•❚❚
132	P2P.ORG/9	OTH	24	18	211	2250	3066	5199	126	A	0.015	10311	0.9658	0.5	0.9877	❚•❚•❚❚❚❚•❚❚❚❚❚❚❚❚❚❚••❚•❚
133	15PcFY...4xjjBf	100C	24	15	206	1864	2164	4690	17	A+	0.0025	10276	0.9658	100	0.2414	❚•❚❚❚••❚❚❚❚•❚••❚❚•••❚❚❚❚
134	pos.dog/6	OTH	24	14	191	1750	2758	3716	12	A+	0.0019	10378	0.9655	3	0.9689	•••❚•❚❚❚•❚❚❚❚❚❚•❚•❚❚••❚•
135	14oRE6...LfEyRZ	100C	24	14	214	1738	2744	3685	10	A+	0.0016	10362	0.9653	100	0.2413	❚•❚•❚•❚••❚❚❚❚❚•❚•❚❚❚•❚••
136	13HtFC...hGzmqz	100C	24	14	214	1750	3138	3339	5	A+	0.0008	10334	0.9653	100	0.2413	❚••••❚❚❚❚••❚❚❚•❚•❚❚•❚•❚❚
137	Jaco/v03	OTH	24	14	181	1750	2252	4188	19	A+	0.0029	10392	0.9649	1	0.9837	•❚❚❚•❚❚•❚❚•❚❚•❚••❚••❚❚•❚
138	Polychain Labs/Validator 07	OTH	24	13	271	1626	2603	3470	9	A+	0.0015	10478	0.9649	20	0.8412	❚❚•❚❚❚❚•❚•❚❚••❚❚••❚•❚•••
139	P2P.ORG/17	OTH	24	16	213	2005	3059	4352	71	A+	0.0095	10343	0.9648	0.5	0.9875	••❚❚❚❚❚❚•❚•❚❚❚❚•❚❚❚••❚❚•
140	13mx7N...csaTf5	100C	24	14	198	1749	2395	3974	6	A+	0.0009	10312	0.9648	100	0.2412	❚•❚••❚❚•••❚•❚❚❚❚❚•❚❚❚•❚•
141	14Bc4v...xnXxhF	100C	24	14	200	1743	2247	4221	12	A+	0.0019	10334	0.9645	100	0.2411	❚•••❚❚••❚❚•❚❚❚❚•❚❚•❚••❚❚
142	Staked/2	OTH	24	15	170	1869	1548	5350	48	A+	0.0069	10366	0.9643	10	0.9161	•❚❚❚❚❚•❚••❚•❚•❚•❚❚❚❚❚❚••
143	pos.dog/5	OTH	24	13	210	1628	2816	3227	4	A+	0.0007	10416	0.9642	3	0.9686	❚❚❚••❚❚❚❚❚••❚•❚••❚•❚•❚••
144	BINANCE_STAKE_13	100C	24	15	155	1861	2363	4532	41	A+	0.0059	10321	0.9641	100	0.241	❚❚•❚❚•❚❚•❚•❚❚•❚❚••••❚❚❚❚
145	16hzCD...gLe5ib	100C	24	16	183	2001	24	7284	57	A+	0.0077	10242	0.964	100	0.241	•❚❚••❚❚❚❚••❚❚•❚❚•❚❚❚❚❚❚•
146	138jGB...76wuGc	100C	24	14	204	1751	2611	3789	13	A+	0.002	10312	0.9639	100	0.241	❚••❚••••❚❚❚❚•❚❚❚•❚•❚•❚❚❚
147	Staked	OTH	24	16	163	1992	1811	5485	66	A+	0.009	10281	0.9639	10	0.916	❚❚•❚❚❚❚❚❚❚••❚❚❚❚❚•❚•❚•••
148	Jaco/v06	OTH	24	16	205	1994	2423	4881	78	A	0.0106	10335	0.9639	1	0.9835	••❚❚❚❚•❚❚•❚❚❚❚❚❚❚•❚•❚❚••
149	111B8C...dMyc3S	100C	24	14	238	1752	2150	4267	12	A+	0.0019	10297	0.9637	100	0.2409	❚❚•••❚❚❚•❚••••❚•❚❚❚❚•❚❚❚
150	15MBzb...BWun3M	100C	24	13	231	1628	2187	3888	13	A+	0.0021	10436	0.9635	100	0.2409	❚❚••••••❚••❚❚•••❚❚❚❚❚❚❚❚
151	Blockdaemon/3	OTH	24	13	190	1618	2311	3686	5	A+	0.0008	10386	0.9635	3	0.9684	❚❚❚•❚❚••❚❚•❚•❚•❚•❚•❚••❚•
152	pos.dog/8	OTH	24	13	203	1621	2313	3735	7	A+	0.0012	10392	0.9634	3	0.9683	❚•❚••••❚•❚❚•❚••❚❚❚•❚•❚❚❚
153	BINANCE_STAKE_11	100C	24	14	152	1753	2204	4301	45	A+	0.0069	10447	0.9631	100	0.2408	❚❚❚❚•❚❚❚•❚••❚❚•❚••••❚•❚❚
154	P2P.ORG/12	OTH	24	16	227	1999	2914	4451	84	A	0.0113	10325	0.9631	0.5	0.987	❚❚❚❚❚••❚❚•❚❚❚•❚❚••❚❚•❚❚•
155	Jaco/v05	OTH	24	14	166	1746	2569	3859	20	A+	0.0031	10297	0.9628	1	0.9832	❚•❚••❚•❚❚❚❚•❚•❚•❚•❚•❚❚❚•
156	15a9RM...W6DLf4	100C	24	13	205	1632	1999	4021	13	A+	0.0022	10396	0.9627	100	0.2407	•••❚•❚❚❚•••❚❚❚❚•❚•❚•❚❚•❚
157	13mgD5...hpjp5K	100C	24	15	200	1876	61	6732	27	A+	0.004	10181	0.9627	100	0.2407	•❚❚❚❚•❚•❚•❚❚❚❚••❚❚❚•❚••❚
158	BINANCE_STAKE_5	100C	24	13	171	1633	2093	3981	38	A+	0.0062	10523	0.9623	100	0.2406	•❚•••❚❚❚❚❚❚❚•❚❚❚•••❚•❚••
159	158Qkc...EBd2LU	100C	24	16	196	1988	46	7104	47	A+	0.0065	10086	0.9617	100	0.2404	❚❚❚•❚❚••••❚❚•❚❚•❚❚❚•❚❚❚❚
160	1xsSvZ...5UXJYE	100C	24	13	215	1623	1668	4303	15	A+	0.0025	10358	0.9616	100	0.2404	•••❚❚•••❚❚❚❚•❚❚••❚••❚❚❚❚
161	16mM7Y...eQJAFR	100C	24	14	188	1739	39	6339	30	A+	0.0047	10287	0.9614	100	0.2404	••❚•❚•❚❚❚•❚❚••❚•❚❚❚•❚❚❚•
162	ZKValidator/ZKValidator 2	OTH	24	18	193	2247	95	8007	147	A	0.0178	10166	0.9607	8	0.9302	❚•❚❚❚❚•❚❚❚❚❚❚❚❚•❚❚••❚❚•❚
163	13zTxD...dWSvtB	100C	24	13	226	1622	1781	4154	13	A+	0.0022	10295	0.9605	100	0.2401	❚❚❚❚•❚•❚•❚•❚❚••••❚❚•❚••❚
164	1F13pZ...bkrAWK	100C	24	12	190	1497	2077	3424	6	A+	0.0011	10385	0.9603	100	0.2401	❚❚•••••❚❚❚❚••❚••❚•❚•❚❚•❚
165	HYPERSPHERE/5	OTH	24	15	158	1871	1447	5405	73	A	0.0105	10301	0.9602	0.5	0.9863	•••❚❚•❚❚❚❚••❚•❚❚❚❚❚❚•❚❚•
166	T-Systems MMS	OTH	24	14	203	1757	36	6361	35	A+	0.0054	10250	0.9601	10	0.915	•❚•❚❚❚•❚❚❚•••❚❚••❚•❚❚•❚❚
167	12RVY2...dhhujG	100C	24	12	235	1499	2751	2787	4	A+	0.0007	10346	0.9598	100	0.2399	•❚❚•❚❚••❚•••••••❚❚❚❚❚•❚❚
168	🐠 STAKEFISH/SF-01	OTH	24	16	182	1990	2835	4435	89	A	0.0121	10192	0.9597	4	0.9599	❚•❚•❚❚❚❚••❚❚•❚❚❚❚•❚•❚•❚❚
169	14uS8A...Qye1KN	100C	24	14	197	1757	46	6324	39	A+	0.0061	10228	0.9591	100	0.2398	•❚❚❚••❚❚❚❚•❚•❚•❚••❚•❚❚•❚
170	Cypher Labs	TVP	18	12	165	1501	2404	3162	23	A+	0.0041	10413	0.9587	5	0.9522	______❚•❚❚❚•❚••❚❚❚❚❚❚•❚•
171	16eybS...yCoieB	100C	24	20	169	2493	89	8824	234	A	0.0256	10060	0.9585	100	0.2396	❚❚❚❚❚•❚❚❚❚❚❚❚❚❚•❚❚❚••❚❚❚
172	P2P.ORG/10	OTH	24	18	192	2246	2972	5189	187	A	0.0224	10217	0.9583	0.5	0.9858	❚❚❚•❚❚❚❚•❚❚•❚•❚❚•❚❚❚❚❚❚•
173	1wcx1M...EKqay6	100C	24	16	147	1996	2888	4400	119	A	0.0161	10261	0.9582	100	0.2395	❚❚❚❚❚❚•❚••❚❚❚••❚❚❚•❚❚•❚•
174	15AcyK...v4bfFv	OTH	24	15	205	1873	2686	4142	82	A	0.0119	10244	0.958	40	0.6895	❚•❚•❚❚•❚❚❚•••❚❚❚•❚•❚❚❚•❚
175	16P6nQ...ShjRsi	OTH	24	15	194	1878	2906	3972	95	A	0.0136	10288	0.9577	40	0.6894	❚•❚❚•❚❚❚❚❚•❚❚•❚❚•••❚••❚❚
176	12bUkY...N1ujjU	OTH	24	16	245	2000	2467	4875	134	A	0.0179	10290	0.9574	40	0.6893	❚❚❚❚•❚•❚❚••❚•❚❚❚•❚•❚❚❚❚•
177	15oTVr...PhpD1V	100C	24	12	202	1494	2060	3427	12	A+	0.0022	10283	0.9574	100	0.2393	•❚••❚❚❚•❚❚•❚•••❚❚•❚•❚❚••
178	12eZSM...PZPjcR	100C	24	13	174	1624	1718	4221	51	A+	0.0085	10350	0.957	100	0.2392	•❚❚•❚❚❚•❚•❚❚•❚••❚•❚••❚❚•
179	15V6Nj...RPCoYS	OTH	24	16	183	1996	38	7109	91	A	0.0126	10070	0.9568	8	0.9292	❚❚❚❚❚❚❚•❚❚••❚❚❚❚❚•❚❚••••
180	1584D6...mNgxfY	100C	24	15	197	1863	77	6611	53	A+	0.0079	9977	0.9554	100	0.2389	••❚•❚•❚❚•❚❚•❚❚❚•❚❚•❚❚❚❚•
181	14isBr...fmmqzD	100C	24	17	213	2120	39	7221	34	A+	0.0047	9582	0.9554	100	0.2388	•❚•❚❚••❚••❚❚❚❚❚❚❚❚❚•❚❚❚❚
182	14omEr...SgtGfX	100C	24	13	186	1629	122	5771	32	A+	0.0054	10150	0.9551	100	0.2388	❚••••❚••••❚❚❚•❚❚❚❚•❚❚❚•❚
183	12xedM...cJvfRB	OTH	24	14	215	1748	2368	4058	82	A	0.0126	10257	0.9549	40	0.6887	❚❚•❚••❚❚❚❚❚❚•❚•❚❚•❚❚••••
184	CryptoLab 01	TVP	24	13	168	1622	2599	3316	62	A	0.0104	10301	0.9545	3	0.9661	❚•••❚•❚❚••❚❚•❚❚❚❚••❚❚❚••
185	13EPZE...mGzbiJ	100C	24	12	232	1500	64	5385	28	A+	0.0051	10206	0.9536	100	0.2384	❚❚•❚•❚❚•••❚•••••••❚❚❚❚❚❚
186	13BN4W...2KkQpP	OTH	24	17	167	2126	39	7523	154	A	0.02	10011	0.9529	8	0.9282	❚❚❚❚•❚•••❚❚❚❚❚❚•❚❚❚•❚•❚❚
187	14rqNr...8LRcrq	100C	24	12	219	1501	36	5394	29	A+	0.0053	10123	0.9517	100	0.2379	❚❚❚❚❚❚❚❚•••❚••❚••❚••❚•••
188	CoinFund/Grassfed	OTH	24	17	146	2128	2537	5135	210	A	0.0266	10188	0.9516	5	0.9504	❚••❚•❚❚❚❚❚••❚❚❚•❚❚❚❚❚❚❚•
189	Figment/1	OTH	24	16	182	1996	2323	4889	161	A	0.0218	10153	0.9516	10	0.9129	•❚❚❚•❚•••❚❚❚❚❚❚•❚•❚❚❚❚❚•
190	AURORA STAKING/1	TVP	18	10	127	1252	2079	2522	26	A+	0.0056	10406	0.9516	5	0.9504	••❚•❚•❚•❚❚•❚❚❚❚••❚______
191	14j7Yc...rfhbnt	OTH	24	16	199	1995	2785	4474	169	A	0.0228	10178	0.9514	40	0.6879	❚❚❚•❚❚•❚•❚❚❚••❚❚❚•❚❚•❚❚•
192	14JrNR...v4fL33	100C	24	9	179	1117	1310	2838	13	A+	0.0031	10424	0.9509	100	0.2377	•❚❚❚••❚•••❚••••❚••❚❚•❚••
193	P2P.ORG/3	OTH	24	15	221	1877	2282	4589	159	A	0.0226	10281	0.9508	0.5	0.9839	❚❚❚❚•❚❚•••❚❚❚❚❚•••❚❚❚❚••
194	16VVhE...1vWF9J	100C	24	19	218	2368	70	8016	141	A	0.0171	9527	0.9507	100	0.2377	❚❚❚!❚•❚❚❚❚•❚••❚•❚❚❚❚❚❚❚❚
195	NeNa 🌻	TVP	18	8	136	1002	1240	2507	3	A+	0.0008	10470	0.9507	3	0.9652	______❚❚❚•❚•❚•❚•❚•❚•••••
196	P2P.ORG/4	OTH	24	18	223	2242	2942	5074	223	A	0.0271	9980	0.9499	0.5	0.9837	•❚❚❚❚❚❚•❚•❚❚❚•❚❚•❚•❚❚❚❚❚
197	Legiojuve/Legiojuve	TVP	12	9	119	1122	1644	2464	3	A+	0.0007	10275	0.9496	3	0.9649	❚❚•❚❚❚•❚❚❚❚•____________
198	15vvFZ...pQC2KE	100C	24	13	142	1626	54	5774	78	A	0.0132	10136	0.9489	100	0.2372	•❚•❚•••••❚•❚❚❚❚❚❚❚❚❚❚•••
199	Stake Plus	TVP	12	8	84	1005	1112	2606	20	A+	0.0054	10525	0.9484	3	0.9646	______•••❚❚❚❚❚❚❚•❚______
200	1XQn94...xHK6uL	100C	24	10	217	1240	1894	2645	24	A+	0.0053	10224	0.948	100	0.237	••❚•❚❚❚••••••••••❚❚❚•❚❚❚
201	15PJA4...zekn1L	100C	24	16	198	2000	2384	4832	202	A	0.0272	10132	0.9471	100	0.2368	❚❚••❚❚❚••❚❚❚❚••❚❚❚❚❚•❚❚•
202	1bAVKR...eHSTYj	OTH	24	15	233	1876	2468	4265	175	A	0.0253	10169	0.9464	40	0.6866	•❚❚•❚❚•❚❚❚•❚❚•❚•❚••❚•❚❚❚
203	12DsYU...rCK4rn	OTH	24	15	225	1876	2392	4392	176	A	0.0253	10150	0.946	40	0.6865	❚••••❚•❚❚❚•❚❚❚•❚•❚❚•❚❚❚❚
204	1652xa...Xo9T7d	OTH	24	13	156	1627	1151	4768	127	A	0.021	10267	0.9458	10	0.9115	•••❚❚•❚❚❚❚❚❚•❚❚❚•••❚•••❚
205	16As2B...L1H76P	100C	24	9	202	1127	26	4040	17	A+	0.0042	10220	0.9458	100	0.2365	•❚••❚❚••❚•❚•••••❚•❚❚❚•••
206	Figment	OTH	24	16	222	1994	2265	4927	219	A	0.0296	10132	0.9454	10	0.9113	❚❚❚❚❚❚❚•❚•❚❚••❚❚•❚•❚❚❚••
207	General-Beck/Laniakea	OTH	24	14	175	1751	171	5795	42	A+	0.007	9578	0.9448	4	0.9562	❚•❚❙•••❚•❚❚•❚❚••❚•❚•❚❚❚❚
208	🛡 DWELLIR DOT 🛡	TVP	12	6	97	754	659	2159	8	A+	0.0028	10530	0.9446	3	0.9636	••❚❚••______❚•❚❚❚•______
209	Polychain Labs/Validator 05	OTH	24	11	148	1377	1458	3587	106	A	0.0206	10383	0.9428	20	0.8357	••❚❚•❚•••❚❚•••••❚❚❚•❚❚❚•
210	16DH4p...fm2DYi	100C	24	17	174	2127	2216	5484	326	A	0.0406	10235	0.9421	100	0.2355	•❚❚❚•❚❚❚•••❚❚❚•❚❚❚❚❚❚❚❚•
211	ALESSIO	TVP	6	6	60	746	779	1979	6	A+	0.0022	10373	0.9418	3	0.9629	❚❚❚❚❚❚__________________
212	P2P.ORG/21	OTH	24	15	199	1867	2162	4501	196	A	0.0286	10044	0.9413	0.5	0.9816	•••❚❚❚❚••❚❚❚❚❚❚•❚❚•❚❚••❚
213	STAKEWORLD/01	TVP	6	5	66	627	937	1395	3	A+	0.0013	10420	0.9405	3	0.9626	____________❚❚❚❚•❚______
214	Zug Capital	OTH	24	17	200	2122	3125	4442	286	A	0.0364	9968	0.9397	5	0.9474	❚•❚•!❚❚❚❚❚❚❚❚•❚•••❚❚•❚❚❚
215	NOVY	TVP	6	4	53	503	920	949	2	A+	0.0011	10500	0.9394	4	0.9549	❚••❚❚❚__________________
216	Zug Capital/16	OTH	24	15	215	1863	2811	3782	187	A	0.0276	9908	0.9392	5	0.9473	•❚••❘•••❚❚❚❚❚❚❚❚❚•❚❚••❚❚
217	15omhU...t9F72d	100C	24	15	236	1879	2726	4034	234	A	0.0335	10093	0.9387	100	0.2347	❚••❚•❚❚❚❚•❚❚••❚•❚❚❚••❚❚❚
218	9Stake by 9GAG	TVP	18	12	112	1502	2260	3148	146	A	0.0263	10248	0.9386	3	0.9621	❚••❚❚❚❚❚❚•❚❚❚••❚•❚______
219	Khastor/K1	TVP	6	5	44	630	876	1459	18	A+	0.0076	10552	0.9385	3	0.9621	__________________❚•❚❚❚❚
220	PDP_Validator	TVP	6	5	60	621	954	1360	1	A+	0.0004	10284	0.9383	5	0.9471	__________________❚❚❚❚•❚
221	P2P.ORG	OTH	24	14	209	1748	2688	3543	171	A	0.0267	9958	0.938	0.5	0.9807	•❚❚❚❚••❚•❚❚••❚❚❚•❚••❚❚•❚
222	14Abui...xKXBmg	OTH	24	18	143	2244	134	7739	339	A	0.0413	9920	0.9379	12	0.8945	•❚❚❚❚❚❚•❚❚❚•❚❚•❚•❚❚❚❚•❚❚
223	G-DOT.TECH/SWEET HONEY 🍯	TVP	6	4	56	502	695	1187	4	A+	0.0021	10465	0.9379	5	0.947	__________________•❚❚•❚❚
224	P2P.ORG/5	OTH	24	16	178	1989	2496	4572	246	A	0.0336	9918	0.9378	0.5	0.9807	❚❚••❚❚•❚❚❚•❚❚❚••❚❚❚••❚❚❚
225	P2P.ORG/6	OTH	24	15	198	1864	2444	4207	220	A	0.032	9996	0.9377	0.5	0.9807	❚❚••❚❚❚❚❚❚❚❚••❚••❚❚•❚•❚•
226	OnFinality.io	TVP	6	4	42	504	483	1388	9	A+	0.0048	10545	0.9376	3	0.9619	••❚❚❚❚__________________
227	Zug Capital/04	OTH	24	16	207	1995	2921	4136	260	A	0.0355	9957	0.9372	5	0.9468	❚❚❚❚❘❚❚••❚❚••❚•❚❚•❚••❚❚❚
228	Zug Capital/09	OTH	24	15	211	1872	2550	4165	240	A	0.0345	10044	0.9369	5	0.9467	❚❚•❚❘❚❚❚❚❚•❚•❚•❚••••❚❚❚•
229	VISIONSTAKE 👁‍🗨	TVP	18	16	120	2001	25	7038	265	A	0.0362	9962	0.9368	3	0.9617	______❚❚❚❚❚❚❚❚❚❚❚❚❚❚❚❚••
230	COSMOON	OTH	6	5	48	624	992	1304	4	A+	0.0017	10256	0.9367	5	0.9467	____________❚•❚❚❚❚______
231	openbitlab	TVP	6	3	29	375	672	725	4	A+	0.0029	10546	0.9361	5	0.9465	••❚•❚❚__________________
232	synclub-1	100C	6	5	42	626	842	1463	13	A+	0.0056	10364	0.9361	100	0.234	❚❚❚❚•❚__________________
233	Zug Capital/11	OTH	24	16	220	2003	3256	3844	273	A	0.037	9936	0.9356	5	0.9464	❚❚••❘•❚•❚•❚❚❚❚•❚❚•❚❚❚❚•❚
234	STAKE.SU/validator	TVP	6	4	60	495	825	999	0	A+	0	10270	0.9354	0	0.9839	❚••❚❚❚__________________
235	Mermaid	TVP	6	4	54	500	748	1083	4	A+	0.0022	10320	0.9348	5	0.9462	❚•❚•❚❚__________________
236	1yGJ3h...ktiAmq	100C	24	17	145	2124	45	7413	332	A	0.0426	9958	0.9348	100	0.2337	❚❚❚❚❚❚••••❚❚•❚•❚❚❚❚❚❚•❚❚
237	Liberty/Murray Rothbard	TVP	6	4	71	499	875	960	0	A+	0	10235	0.9347	5	0.9462	__________________❚•❚•❚❚
238	Masternode24🔱//24	TVP	6	5	45	621	613	1650	7	A+	0.0031	10184	0.9342	3	0.9611	__________________❚❚❚❚•❚
239	Lightning Blocks	TVP	6	2	63	251	433	511	0	A+	0	10470	0.9338	5	0.9459	____________•❚❚•••______
240	Zug Capital/08	OTH	24	15	234	1873	2387	4307	257	A	0.037	9977	0.9336	5	0.9459	❚•❚❚❘•❚❚❚❚❚••❚❚•❚•••❚•❚❚
241	13Q5v2...sZKaMc	100C	24	14	169	1744	33	6112	203	A	0.032	9934	0.9335	100	0.2334	•❚❚❚❚❚•❚•❚•••❚❚❚•❚❚••❚❚•
242	Zug Capital/19	OTH	24	16	231	1986	2699	4369	290	A	0.0394	9920	0.9335	5	0.9459	❚•❚❚!•❚❚•❚❚•❚❚••❚❚❚•❚❚❚•
243	ALFASTAKE/ZENIT	TVP	6	4	64	500	840	995	6	A+	0.0033	10255	0.9327	5	0.9457	______❚••❚❚❚____________
244	Uno Staking	TVP	6	4	37	504	855	977	15	A+	0.0081	10415	0.9324	5	0.9456	__________________•❚•❚❚❚
245	hsinchu	TVP	6	4	55	502	775	1089	19	A	0.0101	10485	0.9324	3	0.9606	__________________❚❚❚••❚
246	ALGO | STAKE/CERULEAN ONE	TVP	6	4	35	502	260	1604	20	A	0.0106	10480	0.9319	3	0.9605	❚❚•❚•❚__________________
247	Sonder Validation/1	TVP	12	7	83	875	1002	2175	55	A	0.017	10291	0.9318	5	0.9455	••❚❚❚❚❚•❚••❚____________
248	TheGuild	TVP	18	11	167	1376	1738	3161	151	A	0.0299	10132	0.9305	3	0.9601	______❚❚•❚❚❚••❚❚❚❚•❚••❚•
249	13YDN2...RgxhNz	100C	24	17	181	2110	31	7442	371	A	0.0473	9904	0.9302	100	0.2325	•❚❚•❚❚••❚•❚❚•❚•❚❚❚❚❚❚❚❚❚
250	14U9uA...JLZmsz	100C	24	15	156	1868	32	6547	291	A	0.0424	9925	0.9285	100	0.2321	•❚❚•❚❚❚••❚❚•❚❚•❚❚❚❚❚•❚••
251	14jr3c...wP9LAz	100C	24	14	166	1754	64	6178	260	A	0.04	9978	0.9285	100	0.2321	❚•❚❚❚❚❚•••❚•❚•❚❚❚❚••••❚❚
252	124YFX...x8TJ2W	OTH	24	15	152	1871	44	6478	290	A	0.0426	9846	0.9267	8	0.9217	❚❚•••❚❚•❚❚•❚❚•❚❚••❚❚•❚❚❚
253	Zug Capital/22	OTH	24	12	222	1496	2077	3206	189	A	0.0345	9890	0.9249	5	0.9437	❚•❚❚❘❚••❚❚❚••❚•••❚••❚••❚
254	🐑 HODL.FARM 🐑/C	TVP	6	3	44	378	322	1070	22	A	0.0156	10440	0.9244	0.8	0.9751	__________________❚❚••❚•
255	12WmM9...rbZFW4	OTH	24	17	152	2123	24	7340	409	B+	0.0526	9816	0.9243	8	0.9211	❚❚❚❚❚•❚❚❚❚❚❚❚•❚••❚❚•❚❚••
256	StakeDOTs.com - by Bison Trails	OTH	24	16	173	1998	64	6486	232	A	0.0342	9285	0.9241	35	0.7185	❚❚❚❚❚❚❚•❚•❚••❚•❚•❚❚•❚❚?•
257	RockX_Polkadot	OTH	24	11	151	1376	1190	3802	220	A	0.0422	10210	0.9229	10	0.9057	••❚❚••❚❚••❚❚••❚•❚❚•••❚•❚
258	12pgR5...jGwNHL	100C	24	19	192	2377	52	7409	264	A	0.0342	8789	0.9224	100	0.2306	❚❚❚!•❚❚❚❚❚❚•❚❚❚•❚❚❚••❚?❚
259	APERTURE MINING 🎂/01	TVP	12	3	82	375	93	1271	30	A	0.0215	10400	0.9191	1	0.9723	______•••❚••______❚❚••••
260	lux8.net/01	TVP	6	2	51	250	615	291	8	A+	0.0088	10080	0.919	0	0.9798	____________•••❚•❚______
261	Zug Capital/05	OTH	24	13	231	1618	2349	3395	282	A	0.0468	9890	0.9186	5	0.9421	❚••❚!•❚••❚•❚❚❚•❚❚•❚❚❚•••
262	SNZPool-1	OTH	24	17	175	2120	1901	5535	490	B+	0.0618	9871	0.9186	1	0.9721	❚•❚❚••❚❚❚•❚❚❚❚❚❚•❚❚•❚❚•❚
263	14onyM...LqNZpe	100C	18	14	136	1748	1269	4910	370	B+	0.0565	10032	0.9172	100	0.2293	______•❚❚•❚❚❚❚❚❚❚❚••❚❚❚❚
264	SEKOYA LABS/1	TVP	6	3	34	372	625	718	21	A	0.0154	10086	0.9171	5	0.9418	____________❚••❚❚•______
265	1ewM9m...fUr4pc	100C	24	17	141	2124	87	7179	451	B+	0.0584	9629	0.916	100	0.229	❚❚•❚•❚❚❚•❚❚❚❚❚❚•❚❚❚❚••❚•
266	13NFKR...2YspLV	100C	24	17	143	2122	95	7177	514	B+	0.066	9730	0.9125	100	0.2281	❚•❚❚•❚❚❚••❚❚❚❚❚❚❚❚❚❚••❚•
267	1ZjP48...hXwZim	100C	24	17	156	2132	6	7304	527	B+	0.0672	9770	0.9124	100	0.2281	••❚❚•❚•❚❚❚•❚❚❚••❚❚❚❚❚❚❚❚
268	13mhUn...FooDiF	100C	24	20	160	2497	45	8306	652	B+	0.0724	9487	0.9113	100	0.2278	❚❚❚❚❚•❚❚❚❚•❚❚❚❚❚❚❚•❚•❚❚❚
269	16fPzN...bu4sJA	100C	6	3	32	376	301	1048	37	A	0.0267	10180	0.9106	100	0.2276	•❚❚•❚•__________________
270	12sVtn...GCJ7aW	100C	24	18	165	2245	51	7576	583	B+	0.071	9650	0.91	100	0.2275	•❚•❚❚•❚❚❚••❚❚❚❚❚❚❚❚❚❚❚•❚
271	🔒stateless_money🔒	OTH	18	13	162	1626	45	5586	330	B+	0.0554	9753	0.9093	5	0.9398	______❚•❚•❙❚❚❚•❚❙❚❚❚•❚•❚
272	1yHLcB...2gC826	100C	24	20	143	2490	39	8328	700	B+	0.0772	9470	0.9074	100	0.2268	❚❚•❚❚❚❚❚❚❚❚❚•❚❚❚•❚❚❚❚❚•❚
273	14gPzp...ACR8NX	100C	24	16	160	1993	266	6533	471	B+	0.0648	9568	0.9071	100	0.2268	❚••❚•••❚❚❚❚❚❚•❚❚❚•❚❚❚❚❚•
274	15uQdw...cEndzs	100C	24	17	143	2127	126	7124	568	B+	0.0727	9689	0.9066	100	0.2267	•❚❚••❚❚❚❚•❚❚❚❚•❚❚•❚❚❚•❚❚
275	1qHrBu...pCK1jR	100C	24	18	148	2239	14	7598	605	B+	0.0736	9538	0.9057	100	0.2264	❚❚❚•❚•❚•❚❚❚❚❚•❚❚❚•❚❚•❚❚❚
276	1exKbD...AdoBzv	100C	24	14	143	1748	12	5935	388	B+	0.0612	9620	0.905	100	0.2263	•❚❚•❚❚❚•❚•❚•❚❚•❚•❚•❚•❚❚•
277	1FKf1e...7N2KeQ	100C	24	18	120	2248	29	7581	639	B+	0.0775	9560	0.9032	100	0.2258	❚❚❚❚•❚❚❚❚•❚❚••❚•❚•❚❚❚❚❚❚
278	1YguHo...NWyC3X	100C	24	18	139	2241	21	7583	640	B+	0.0776	9540	0.9027	100	0.2257	❚❚•❚❚❚•❚❚❚❚❚••❚❚❚•❚•❚❚❚❚
279	135hDL...KfZzP5	100C	24	18	125	2241	36	7548	645	B+	0.0784	9512	0.9015	100	0.2254	❚❚•❚❚❚❚❚•❚❚❚❚•❚•❚❚•❚❚•❚❚
280	13x7Pb...gzqpVY	100C	24	16	141	1995	44	6441	412	B+	0.0597	9115	0.9014	100	0.2253	•❚•❚❚❚❚•❚•❚•••❚❚❚❚❚❚•❚?❚
281	14j9Wz...P6r367	100C	24	18	145	2255	56	7490	656	B+	0.08	9545	0.901	100	0.2253	•❚❚❚❚•❚❚❚❚❚❚•❚❚❚❚❚•❚❚••❚
282	🐝 CRYPTOBEES.XYZ/🐝	TVP	6	3	46	376	261	1066	51	A	0.037	10060	0.9003	3	0.9526	______❚•❚❚••____________
283	1RqhgL...J4jShw	100C	24	16	166	1992	16	6768	541	B+	0.0739	9561	0.9001	100	0.225	•❚••❚❚❚•❚❚❚••❚•❚❚❚•❚❚❚❚❚
284	15ANfa...X11pzM	100C	24	16	171	1998	19	6724	545	B+	0.0748	9581	0.8999	100	0.225	❚❚❚❚❚❚•❚•❚••❚❚❚•❚❚•❚•❚•❚
285	14abtG...g7kURB	100C	24	13	149	1623	87	5464	393	B+	0.0661	9635	0.8987	100	0.2247	•❚❚❚❚••❚•❚•❚•❚•❚❚•❚❚••❚•
286	138shU...LVVMH1	100C	24	14	173	1748	27	5893	463	B+	0.0725	9654	0.8972	100	0.2243	•❚❚•❚•❚••❚•❚❚❚❚❚•❚❚•❚••❚
287	14z7xj...78J3cQ	100C	24	14	139	1754	98	5853	469	B+	0.0731	9595	0.8956	100	0.2239	•❚❚•••❚❚❚•❚❚❚❚•❚❚❚•❚••❚•
288	15ikBt...pSQuv2	100C	24	11	159	1378	27	4681	356	B+	0.0703	9729	0.8917	100	0.2229	❚❚•••❚❚❚❚❚❚•••••••••❚❚❚•
289	13p1j6...zmPma8	100C	24	13	164	1626	25	5429	429	B+	0.0729	9532	0.8915	100	0.2229	•❚❚•❚•❚•❚❚❚❚•••❚•❚••❚❚❚•
290	13N2Np...sFmuhd	100C	24	15	150	1872	34	6229	531	B+	0.0782	9416	0.891	100	0.2227	❚•❚❚❚❚❚•❚❚••❚❚•❚❚•❚❚•••❚
291	Polkica Kontrolica/DABICA	TVP	6	5	41	622	6	2170	128	B+	0.0556	9896	0.8888	5	0.9347	__________________❚❚❚❚❚•
292	153cat...XCsGCY	100C	24	14	152	1746	34	5815	538	B+	0.0842	9477	0.8848	100	0.2212	❚❚❚•❚••❚❚❚•❚••❚❚❚•❚••❚•❚
293	15zGK5...Vz7DYg	100C	24	14	142	1749	38	5458	427	B+	0.0721	8942	0.8826	100	0.2207	❚••❚❚•❚❚•❚❚••❚•❚❚•••❚❚?❚
294	1KgwVb...BRUtQv	100C	24	17	137	2120	19	6892	734	B+	0.096	9252	0.88	100	0.22	•❚•❚••❚❚❚❚❚❚❚❚❚•❚❚•❚•❚❙❚
295	Current/1	OTH	24	22	160	2739	78	8610	1316	B	0.1315	8912	0.8607	1	0.9577	❙❙❚❚❚❚❚❙❚❚❚❚❚❚❚❚❚❚❚❚❚•❚•
296	12ZEQA...cT8u23	100C	24	13	168	1629	1767	3638	674	B	0.1109	9381	0.8598	100	0.215	•❚❚❚•!❚•❚••••••❚❚❚❚❚••❚❚
297	NEWDEAL	TVP	6	5	41	622	336	1782	209	B+	0.0898	9652	0.858	5	0.927	❚❚❚•❚❚__________________
298	13xZTj...q5LpnG	100C	24	16	174	1998	44	6371	880	B	0.1206	9075	0.8549	100	0.2137	❚•❚•••❚❚❚¿••❚❚❚❚•❚•❚❚❚❚❚
299	129o9r...iZovBd	100C	24	18	157	2250	42	7120	1102	B	0.1333	9044	0.8505	100	0.2126	•❚❚❚❚❚❚❚❚••❚❚•❚❚❚❚❚•❚•❙❚
300	15rQD4...BVzCjf	100C	24	17	149	2124	60	6619	1051	B	0.136	8872	0.842	100	0.2105	❚❙❚❚❚❚❚•❚❚❙•••❚❚••❚❚❚❚•❚
301	1jZqir...2ufbyN	100C	24	17	171	2126	33	6529	1207	B	0.1554	8756	0.825	100	0.2063	❙❚❚❚❚❚❚❙•❙••❚❚❚•❙❚•••❚❙❚
302	1HDgY7...pKUKFw	100C	24	15	151	1873	40	5713	1091	B	0.1594	8677	0.8145	100	0.2036	❙•❚❚•❚❚❙❚❚❚••❚❚•❙❚•❚••❚•
303	14zy72...SiS3ti	100C	24	15	232	1875	54	5686	1119	B	0.1631	8604	0.8102	100	0.2025	••❚❚❚❚❚❙❚❚❙••••❚••❚❙❚❙•❙
304	1A2ATy...xGvCho	OTH	24	18	152	2247	35	6444	1722	C+	0.21	8141	0.7741	8	0.8835	❚❚❚❚❚❙••❙❙❙❚❙❙❙•❚••❚•❚❙❚
305	16Fwe1...35nwc8	100C	24	19	175	2374	24	6412	2275	C+	0.2612	7631	0.7279	100	0.182	❚•❚•❚❚❚•❙❙❘❙❚•❙❚•❘❙❘❙❙❙❘
306	12ECDE...ogGrMZ	OTH	24	12	163	1499	16	4135	1365	C+	0.2475	7768	0.7206	8	0.8702	•❚❙••❚❚•••❚❚❚❚❙•!•••!❙••
307	Gontajones	TVP	6	2	33	250	249	441	226	C+	0.2467	7970	0.6963	3	0.9016	__________________••••❙❙
308	mmagician/mmagician-1	TVP	12	6	96	746	18	1993	702	C+	0.2588	7563	0.6904	3	0.9001	❚•••❙❙❚•❚•❙•____________
309	16d9XU...Rvfcvc	100C	24	20	169	2497	43	5154	2912	C	0.3591	5875	0.6205	100	0.1551	❙❙❙¿•❘❘!❚••❙❙❙❘❙❘❘❙❙❙•?❘
310	kouti/1	TVP	6	4	51	500	10	1191	599	C	0.3328	6740	0.6117	3	0.8804	______❚❘❘❙••____________
311	15VJJi...X6uMZN	100C	24	14	128	1743	1366	2667	2384	C	0.3715	6451	0.6058	100	0.1514	••••!❙•❚❚•••!•❚❚❚!¿❚❚¿❚•
312	🗻Basecamp/Matterhorn	TVP	6	5	33	626	499	939	827	C	0.3651	6560	0.5866	5	0.8592	____________❙❙❙•❘❙______
313	12MqEB...XAycM2	100C	24	16	165	1996	103	4027	3005	D+	0.4212	5836	0.5615	100	0.1404	❙❘❘•❙!❙••❘❘•❙❘•❙!❘❘••❙❚•
314	144Qov...NT2Zzd	100C	24	15	116	1875	1249	2735	2919	D+	0.4229	5948	0.5596	100	0.1399	¿❚•¿•!❚❚•!❚!•❘❚•••¿•!•❚❚
315	12BJ7E...f4WGiS	100C	24	14	121	1747	1486	2121	2856	D+	0.4419	5771	0.5387	100	0.1347	❚•❚❘•❘•❚!•❙❘•••!!•!❘!••❚
316	1CKUGh...KC219S	100C	24	18	127	2242	1871	2091	4157	D	0.512	4925	0.4801	100	0.12	❘❙❙!!❘•!❚!❚•❙!•!!¿•!••❚❙
317	162Dme...iY2wXz	100C	24	17	113	2118	1442	2297	3999	D	0.5168	4937	0.4738	100	0.1184	¿•!•❙•!❘¿•❚❚❚•❚•!❘❚•¿¿¿❚
318	148ADE...ZzRBpQ	100C	24	11	96	1377	864	1592	2498	D	0.5042	5029	0.4676	100	0.1169	•❚••¿❘❚•❙•!•!¿•❘••••❚•!•
319	1dquPs...joNWpZ	100C	24	15	90	1878	1170	1549	4172	F	0.6054	4041	0.3827	100	0.0957	••¿¿❙•❙!!!•!•❘!••❚❚¿•!•❚
320	15rq7G...Yy2dyY	100C	24	18	263	2241	11	2822	5288	F	0.6512	3530	0.3464	100	0.0866	❘❘!❘❘•❙!•!•!!!!•!!••!!❙!
321	12HFym...n1XMrj	OTH	24	13	215	1615	9	1941	3989	F	0.6717	3373	0.3132	8	0.7683	••••❘!!!•!•••!•!!❘•❘❘!•!
322	1W7neF...GheLbD	100C	24	18	231	2250	22	2455	5822	F	0.7015	3050	0.2986	100	0.0746	!!!•❘•❘!!!❘•!!!!!❘!•!!••
323	12GTt3...PvxbUZ	100C	24	13	206	1629	3	1157	4781	F	0.8047	1992	0.1844	100	0.0461	!!!!•!!!!!•¿!!•••••••!••



	——
	onet v0.9.17
