	📮 Validators Performance Insights Report for Polkadot from 799 // 4831 to 802 // 4853
	54714 blocks recorded from #11534504 to #11589218

#	Validator	Subset	Active Sessions	P/V Sessions	❒	↻	✓i	✓e	✗	Grade	MVR	Avg. PPTS	Score	Commission (%)	Commission Score	Timeline
1	126Qit...WVqFGs	100C	23	20	170	2499	2987	6158	22	A+	0.0024	10371	0.9866	100	0.2466	❚❚❚••❚❚•❚❚❚❚❚❚❚❚❚❚❚❚❚❚❚
2	12EZem...SDfWd2	100C	23	20	195	2499	3253	5821	11	A+	0.0012	10289	0.9859	100	0.2465	❚❚❚❚❚❚•❚❚❚❚❚❚❚❚❚•❚•❚❚❚❚
3	135wKS...BVSZ1R	100C	23	20	187	2499	2980	6101	18	A+	0.002	10299	0.9855	100	0.2464	❚❚❚❚❚❚❚❚❚❚•❚❚❚•❚❚❚•❚❚❚❚
4	15DDuw...o6bYbq	100C	23	19	223	2369	2420	6249	4	A+	0.0005	10313	0.9839	100	0.246	❚❚❚❚❚❚•❚❚❚❚•❚❚❚❚❚❚••❚❚❚
5	Blockdaemon/0	OTH	23	19	209	2377	3858	4820	7	A+	0.0008	10311	0.9836	3	0.9734	❚❚❚❚❚❚❚❚❚❚❚❚❚❚❚•❚••❚❚•❚
6	13KsAp...Ch7hsX	100C	23	19	177	2377	3063	5598	11	A+	0.0013	10326	0.9835	100	0.2459	❚❚❚•❚❚❚•❚❚❚❚❚•❚❚•❚❚❚❚❚❚
7	13e8KM...RkfuQW	100C	23	19	183	2385	2553	6121	16	A+	0.0018	10293	0.9824	100	0.2456	❚•❚❚❚❚❚❚•❚❚❚❚❚❚❚❚❚•❚•❚❚
8	12KWfE...yao1YT	100C	23	19	181	2377	2448	6153	20	A+	0.0023	10293	0.9821	100	0.2455	❚❚❚❚•❚❚❚•❚❚••❚❚❚❚❚❚❚❚❚❚
9	126CY1...7R8RkN	100C	23	19	176	2378	2842	5724	14	A+	0.0016	10235	0.9815	100	0.2454	❚❚❚••❚❚❚❚❚❚❚•❚❚❚❚•❚❚❚❚❚
10	BINANCE_STAKE_9	100C	23	19	145	2373	3164	5496	52	A+	0.006	10375	0.9809	100	0.2452	❚•❚❚❚❚❚•❚❚❚❚❚❚❚❚❚••❚❚❚❚
11	pos.dog/5	OTH	23	18	197	2258	3302	4941	10	A+	0.0012	10345	0.9809	3	0.9727	❚•❚••❚❚❚❚❚❚❚❚•❚❚•❚❚❚❚❚❚
12	142zbv...965Du6	100C	23	18	226	2260	2201	6034	10	A+	0.0012	10336	0.9807	100	0.2452	❚❚❚•❚❚❚❚❚❚❚❚•❚❚❚❚❚❚•••❚
13	Zug Capital/22	OTH	23	18	208	2256	3081	5137	9	A+	0.0011	10331	0.9807	10	0.9202	❚❚❚•❚•❚•❚❚•❚❚❚❚❚❚❚❚❚❚•❚
14	14DCwC...g5yc5T	100C	23	18	185	2253	3063	5129	9	A+	0.0011	10304	0.9802	100	0.245	•❚❚❚❚❚❚••❚❚❚❚•❚❚❚❚❚❚•❚❚
15	Zug Capital/05	OTH	23	18	237	2246	2888	5306	8	A+	0.001	10290	0.98	10	0.92	❚❚❚❚•❚❚❚•❚❚•❚❚❚•❚•❚❚❚❚❚
16	Blockdaemon/7	OTH	23	18	188	2243	3607	4519	7	A+	0.0009	10285	0.98	3	0.9725	❚❚❚❚❚❚❚❚❚❚••❚❚❚•••❚❚❚❚❚
17	1h2JtS...eVzc8T	100C	23	18	192	2250	2433	5723	12	A+	0.0015	10297	0.9798	100	0.2449	❚❚❚❚•❚❚••❚••❚❚❚❚❚❚❚❚❚❚❚
18	PureStake/01	TVP	23	18	234	2245	2640	5538	5	A+	0.0006	10254	0.9796	3	0.9724	❚❚❚❚❚••❚❚❚•❚❚❚❚•❚❚❚❚❚•❚
19	15thjf...SNwwQQ	100C	23	18	208	2253	3904	4312	13	A+	0.0016	10288	0.9795	100	0.2449	•❚•❚❚••❚❚❚❚❚❚❚❚❚❚❚❚❚❚❚•
20	13Qsfw...BgXcKN	100C	23	18	215	2246	3323	4841	12	A+	0.0015	10282	0.9795	100	0.2449	❚❚•❚•❚❚❚•❚❚❚❚❚❚❚❚❚•❚•❚❚
21	Zug Capital/02	OTH	23	17	235	2127	3172	4584	5	A+	0.0006	10395	0.9792	10	0.9198	•❚❚❚❚❚❚❚❚•❚❚❚❚•❚•❚❚❚❚••
22	15QKfr...w5CWnY	100C	23	18	189	2253	2856	5282	4	A+	0.0005	10228	0.9791	100	0.2448	❚❚❚❚❚•❚•❚•❚❚❚❚•❚❚❚•❚❚❚❚
23	Staking4All 🥩/???	OTH	23	17	210	2127	2874	4934	17	A+	0.0022	10432	0.9788	1	0.9872	••❚•❚❚❚❚•❚•❚❚❚❚❚❚❚•❚❚❚❚
24	12pv5M...oTuH3D	100C	23	18	175	2254	2789	5309	17	A+	0.0021	10253	0.9784	100	0.2446	•❚❚❚❚•❚❚❚❚❚❚•❚❚•❚❚❚•❚❚❚
25	Zug Capital/09	OTH	23	17	214	2125	3138	4638	5	A+	0.0006	10343	0.9782	10	0.9196	•❚❚❚•❚❚•❚❚❚•❚❚❚❚❚••❚❚❚❚
26	pos.dog/1	OTH	23	18	232	2251	3055	5099	12	A+	0.0015	10216	0.9782	3	0.972	❚❚❚❚❚❚❚❚•❚❚•❚••❚•❚❚❚❚❚❚
27	14isBr...fmmqzD	100C	23	19	196	2379	42	8475	34	A+	0.004	10154	0.9781	100	0.2445	❚❚❚❚❚❚❚❚❚❚❚•❚❚•❚•❚❚•❚❚❚
28	Jaco/v01	OTH	23	17	218	2128	3252	4525	4	A+	0.0005	10327	0.978	1	0.987	•❚❚❚❚❚❚•❚❚❚••❚❚❚❚❚•❚❚•❚
29	pos.dog/4	OTH	23	18	217	2240	3567	4539	13	A+	0.0016	10208	0.9779	3	0.972	❚❚•❚❚•❚❚❚❚❚❚❚❚••❚❚❚❚❚❚•
30	15a9RM...W6DLf4	100C	23	17	190	2128	2699	5022	10	A+	0.0013	10322	0.9773	100	0.2443	❚•❚❚❚•❚•❚❚❚❚❚•❚❚❚❚•❚❚❚•
31	12eA9g...eautfX	100C	23	17	250	2126	3061	4741	18	A+	0.0023	10360	0.9773	100	0.2443	❚❚❚❚❚❚•❚❚❚•❚❚❚••❚•❚❚❚•❚
32	ZKValidator/ZKValidator 2	OTH	23	18	244	2258	52	8062	13	A+	0.0016	10171	0.9772	8	0.9343	❚❚•❚❚❚•❚•❚❚❚❚❚❚••❚❚❚❚❚❚
33	13zYzY...yznpSv	100C	23	17	240	2124	2212	5549	6	A+	0.0008	10294	0.9772	100	0.2443	❚❚❚❚❚❚❚❚❚❚❚❚❚❚•❚•❚••••❚
34	15MBzb...BWun3M	100C	23	17	173	2129	2561	5189	20	A+	0.0026	10358	0.9771	100	0.2443	❚•❚••❚❚•❚❚❚❚❚❚❚❚❚❚❚❚❚••
35	12JZr1...E8uwLo	100C	23	17	181	2126	3123	4630	18	A+	0.0023	10348	0.9771	100	0.2443	❚•❚❚❚•❚❚❚••❚❚••❚❚❚❚❚❚❚❚
36	MC | Parallel | Polka Haus	OTH	23	17	237	2122	3306	4391	0	A+	0	10257	0.977	1	0.9868	❚❚•❚•❚•❚❚❚❚•❚❚❚❚❚❚❚••❚❚
37	15Atw3...xrN4RM	100C	23	17	156	2133	2594	5147	16	A+	0.0021	10328	0.9769	100	0.2442	❚•❚❚❚❚•❚❚••❚❚❚❚•❚❚❚❚•❚❚
38	13mx7N...csaTf5	100C	23	17	159	2128	2485	5211	8	A+	0.001	10270	0.9765	100	0.2441	❚•❚❚❚••❚❚❚❚❚❚••❚❚•❚❚❚❚❚
39	Zug Capital/08	OTH	23	17	234	2127	3322	4424	2	A+	0.0003	10232	0.9764	10	0.9191	❚❚❚❚❚•❚❚❚❚••❚•❚❚❚❚•❚❚❚•
40	pos.dog/6	OTH	23	17	193	2131	3962	3750	7	A+	0.0009	10256	0.9763	3	0.9716	❚❚❚❚❚❚•❚❚••❚❚•❚❚•❚•❚❚❚❚
41	12RVY2...dhhujG	100C	23	17	209	2129	2913	4853	21	A+	0.0027	10324	0.9763	100	0.2441	•❚•❚❚•❚❚❚❚❚❚•❚•❚❚❚❚❚❚❚•
42	14E5oi...NFcUpF	100C	23	17	212	2123	2731	4933	6	A+	0.0008	10241	0.9761	100	0.244	❚❚❚•❚•❚•❚❚❚❚❚❚❚❚❚❚•••❚❚
43	16LqQS...QkKF3E	100C	23	17	218	2123	3385	4330	8	A+	0.001	10250	0.9761	100	0.244	❚•❚❚❚❚❚❚❚❚•❚❚••❚•❚❚❚❚•❚
44	14zoBY...kEcCLs	100C	23	17	184	2130	2858	4877	16	A+	0.0021	10280	0.9759	100	0.244	•••❚❚❚❚❚❚❚•❚❚❚❚❚❚❚••❚❚❚
45	15chyQ...98zgFa	100C	23	17	184	2129	2885	4856	17	A+	0.0022	10283	0.9759	100	0.244	❚•❚❚•❚❚❚❚❚❚•❚❚❚•••❚❚❚❚❚
46	12y1iX...xRVV4v	100C	23	18	190	2255	129	7983	35	A+	0.0043	10202	0.9758	100	0.2439	•❚❚❚•❚❚❚❚❚•❚•❚❚❚•❚❚❚❚❚❚
47	13zTxD...dWSvtB	100C	23	17	162	2125	2403	5312	16	A+	0.0021	10270	0.9757	100	0.2439	❚❚•❚❚•❚❚❚❚❚•❚❚❚❚❚❚❚•❚••
48	14oRE6...LfEyRZ	100C	23	17	183	2124	4110	3558	13	A+	0.0017	10250	0.9756	100	0.2439	•❚❚❚•❚❚❚❚❚❚❚•❚❚❚❚❚•❚••❚
49	15rq7G...Yy2dyY	100C	23	18	241	2252	45	8074	25	A+	0.0031	10136	0.9754	100	0.2439	❚•❚❚•❚❚•❚❚❚❚❚❚•❚❚•❚❚❚❚❚
50	12GTt3...PvxbUZ	100C	23	17	236	2135	55	7611	7	A+	0.0009	10200	0.9752	100	0.2438	❚❚❚•❚❚❚•❚••❚•❚❚❚❚❚❚❚❚•❚
51	14JUa7...cZmCqE	100C	23	16	227	2001	3118	4187	5	A+	0.0007	10345	0.9752	100	0.2438	••❚❚❚❚❚❚❚•❚❚❚❚❚❚••❚••❚❚
52	13dCwi...gikWjK	100C	23	16	207	2001	2363	4973	13	A+	0.0018	10387	0.9752	100	0.2438	❚•❚❚•❚••❚••❚❚❚❚❚❚❚❚•❚❚❚
53	Blockdaemon/5	OTH	23	16	203	2004	2684	4645	9	A+	0.0012	10363	0.9751	3	0.9713	❚•❚❚❚••❚❚❚❚❚•••❚❚❚❚❚❚•❚
54	16As2B...L1H76P	100C	23	18	190	2246	89	7975	37	A+	0.0046	10171	0.975	100	0.2437	❚❚••❚❚❚❚❚❚••❚•❚❚❚❚❚❚❚❚❚
55	Polychain Labs/Validator 01	OTH	23	17	218	2129	3881	3817	11	A+	0.0014	10205	0.975	20	0.8437	❚❚❚❚❚•❚❚❚❚❚•❚❚❚❚••❚•❚❚•
56	P2P.ORG/2	OTH	23	20	249	2503	3388	5656	132	A	0.0144	10221	0.9747	0.5	0.9899	❚❚•❚❚•❚❚❚❚❚•❚❚❚❚❚❚❚❚❚❚❚
57	1264tb...z8D2Bw	100C	23	16	214	2004	2408	4918	7	A+	0.001	10327	0.9746	100	0.2437	❚❚❚❚❚•❚❚❚❚•❚❚•❚•❚❚••❚❚•
58	168bhP...N4wQiU	100C	23	17	163	2122	2527	5250	47	A+	0.006	10365	0.9746	100	0.2437	•❚❚❚•❚••❚❚•❚❚❚❚❚❚❚❚❚❚❚•
59	synclub-2	100C	23	17	164	2131	2857	4876	41	A+	0.0053	10335	0.9746	100	0.2436	•❚•❚❚❚❚❚❚❚❚❚•❚•❚❚•❚❚•❚❚
60	pos.dog/2	OTH	23	16	206	2007	3128	4182	10	A+	0.0014	10340	0.9746	3	0.9711	••❚❚❚••❚❚❚❚••❚❚❚❚❚❚❚❚❚•
61	16GNUa...Q92VxJ	100C	23	16	175	2009	2095	5200	18	A+	0.0025	10378	0.9745	100	0.2436	•••❚❚❚❚❚❚•❚❚•❚•❚•❚❚❚❚❚❚
62	Zug Capital	OTH	23	16	228	1997	2580	4689	2	A+	0.0003	10292	0.9745	10	0.9186	❚❚❚•❚❚❚❚❚•❚❚❚•❚•❚•❚❚••❚
63	Ryabina/ 2	OTH	23	18	225	2244	9	8002	11	A+	0.0014	10014	0.9743	2	0.9786	•❚❚❚❚•❚•❚❚❚❚❚❚❚❚❚•❚•❚❚❚
64	13NL7w...vBokgT	100C	23	17	212	2127	3588	4148	28	A+	0.0036	10245	0.9741	100	0.2435	•❚❚❚❚❚•••❚❚❚❚❚❚❚❚❚❚❚••❚
65	15apjb...8WAaKP	100C	23	16	187	2003	2247	5052	16	A+	0.0022	10343	0.974	100	0.2435	❚❚❚❚•❚❚❚❚❚•••❚❚•❚❚❚•❚❚•
66	1nTfEE...e6j86s	100C	23	16	205	2000	2885	4439	18	A+	0.0025	10348	0.9739	100	0.2435	•••❚❚❚•❚❚❚❚•❚•❚❚❚❚•❚❚❚❚
67	pos.dog/8	OTH	23	16	197	1998	3218	4075	9	A+	0.0012	10297	0.9738	3	0.971	❚❚❚❚❚••••❚❚❚❚❚❚••❚•❚❚❚❚
68	12VYdJ...nzPtAL	100C	23	16	176	2007	2874	4375	14	A+	0.0019	10317	0.9737	100	0.2434	•❚•❚❚❚•❚❚•❚❚❚❚❚❚•❚❚❚❚••
69	13JuYF...nncGxx	100C	23	16	173	2006	2559	4798	24	A+	0.0033	10367	0.9737	100	0.2434	❚❚❚❚•❚❚❚•❚❚❚•❚••❚❚❚❚•❚•
70	13BjZT...gSHKAT	100C	23	16	154	2001	2551	4678	10	A+	0.0014	10291	0.9736	100	0.2434	•❚❚•••❚❚❚❚❚❚•❚❚❚••❚❚❚❚❚
71	13EoWM...UL7Cyb	100C	23	16	164	1999	2297	4957	8	A+	0.0011	10280	0.9736	100	0.2434	•••❚❚❚•❚❚❚•❚❚•❚❚❚•❚❚❚❚❚
72	19wuq9...9mdefC	100C	23	16	168	1997	2745	4516	17	A+	0.0023	10326	0.9736	100	0.2434	❚❚❚••❚❚❚❚❚❚❚❚❚••❚❚•❚••❚
73	Blockdaemon/1	OTH	23	15	182	1877	2407	4479	10	A+	0.0015	10448	0.9736	3	0.9709	❚❚•❚❚❚❚•❚•❚❚❚•❚••❚❚•❚•❚
74	111B8C...dMyc3S	100C	23	16	221	1998	2390	4865	5	A+	0.0007	10257	0.9735	100	0.2434	❚❚•❚❚❚❚❚❚❚•❚❚•❚❚❚•❚❚•••
75	12BxCy...4mKaYo	100C	23	16	176	2004	2891	4338	13	A+	0.0018	10298	0.9734	100	0.2434	❚•❚•❚❚•❚❚❚•••❚❚❚❚❚❚❚•❚❚
76	Blockdaemon/2	OTH	23	16	202	2006	3643	3590	3	A+	0.0004	10241	0.9734	3	0.9708	❚•❚•❚❚❚❚❚•❚❚❚•❚••❚❚❚❚❚•
77	14zy72...SiS3ti	100C	23	17	210	2123	24	7602	7	A+	0.0009	10103	0.9734	100	0.2433	❚••❚❚•••❚❚❚❚❚❚❚❚❚❚❚❚❚•❚
78	16mM7Y...eQJAFR	100C	23	17	189	2126	132	7502	26	A+	0.0034	10198	0.9733	100	0.2433	❚❚❚•❚❚❚❚❚❚••❚•❚❚•❚❚❚•❚❚
79	14VWEJ...rnmqFd	100C	23	16	206	2002	2763	4495	14	A+	0.0019	10293	0.9732	100	0.2433	❚❚❚❚•❚❚••❚❚•❚❚••❚❚❚❚❚❚•
80	13KuUi...yQvjAF	100C	23	16	186	2005	2862	4401	18	A+	0.0025	10308	0.9731	100	0.2433	•❚•❚❚❚❚•❚❚❚❚❚❚❚••❚•❚❚•❚
81	138LYm...nt6xpa	100C	23	16	175	2000	2782	4506	14	A+	0.0019	10285	0.9731	100	0.2433	❚•❚•❚•❚❚❚❚❚❚❚❚❚❚•❚❚•❚••
82	13HtFC...hGzmqz	100C	23	15	220	1878	2946	3931	2	A+	0.0003	10373	0.973	100	0.2432	•❚••❚❚•❚❚❚❚❚❚•❚•❚❚•❚❚❚•
83	12pgR5...jGwNHL	100C	23	16	234	1998	75	7147	6	A+	0.0008	10231	0.9729	100	0.2432	❚•❚❚•❚❚❚•❚❚•❚❚••❚❚❚❚❚•❚
84	CP287-CLOUDWALK	OTH	23	16	168	1999	3175	4084	15	A+	0.0021	10278	0.9729	3	0.9707	❚❚•❚❚•❚••❚❚❚❚•❚❚❚•❚❚❚❚•
85	15VbT8...w57qzp	100C	23	17	193	2126	55	7645	40	A+	0.0052	10223	0.9725	100	0.2431	❚❚❚❚❚❚❚❚❚••••❚❚•❚❚❚❚❚❚•
86	Zug Capital/18	OTH	23	15	216	1877	2239	4616	7	A+	0.001	10376	0.9725	10	0.9181	❚❚❚❚❚•••❚❚•❚❚•❚❚❚••❚•❚❚
87	BINANCE_STAKE_11	100C	23	16	154	2007	3063	4232	34	A+	0.0046	10341	0.9721	100	0.243	❚❚❚••❚❚•❚❚❚❚❚❚••❚❚••❚❚❚
88	13p9kJ...Rueo9E	100C	23	16	142	1996	2669	4563	32	A+	0.0044	10328	0.9721	100	0.243	❚❚•❚❚•❚❚❚❚❚•❚•❚❚••❚•❚❚❚
89	HYPERSPHERE/5	OTH	23	17	166	2124	1598	6061	49	A+	0.0064	10243	0.972	0.5	0.9892	❚•❚❚❚❚❚•❚❚❚❚•❚❚•❚❚❚❚❚••
90	Blockdaemon/6	OTH	23	15	197	1879	2337	4527	11	A+	0.0016	10370	0.9719	3	0.9705	❚❚•❚••❚❚❚❚❚❚❚•❚•❚❚•❚❚••
91	14das6...9n8VDV	100C	23	17	196	2126	2345	5332	53	A+	0.0069	10247	0.9717	100	0.2429	❚•❚❚•❚❚❚••❚❚•❚❚❚❚•❚❚❚❚❚
92	15JmHu...9g1Bgg	100C	23	15	210	1882	2785	4046	11	A+	0.0016	10354	0.9716	100	0.2429	❚••❚❚❚•❚•❚•❚•❚❚❚❚❚❚❚•❚•
93	Polychain Labs/Validator 05	OTH	23	19	141	2374	2602	5949	141	A	0.0162	10283	0.9715	20	0.8429	❚❚❚❚❚❚❚❚❚❚❚❚•••❚•❚❚❚❚❚❚
94	14Y6TZ...Vd7A4T	100C	23	15	218	1875	2566	4322	18	A+	0.0026	10384	0.9715	100	0.2429	❚•❚•❚❚•❚❚❚❚❚❚••❚••❚❚❚•❚
95	Polychain Labs/Validator 03	OTH	23	16	149	2006	2641	4626	58	A+	0.0079	10425	0.9713	20	0.8428	❚❚❚❚❚•❚❚❚❚❚❚••❚❚❚❚❚••••
96	pos.dog/9	OTH	23	15	233	1875	2547	4270	8	A+	0.0012	10302	0.9709	3	0.9702	❚•❚•❚•❚❚•❚•❚•❚❚❚❚❚❚•❚•❚
97	Vegas_life/1	TVP	23	17	169	2123	3045	4613	78	A	0.0101	10331	0.9709	3	0.9702	❚•❚❚❚❚•❚❚•❚•❚❚❚•❚❚❚❚❚❚•
98	16aaUs...cj1Qbt	100C	18	15	112	1876	2320	4493	18	A+	0.0026	10350	0.9708	100	0.2427	_____❚❚❚❚••❚•❚❚❚❚❚❚❚❚❚❚
99	139FVS...q1YvRc	100C	23	16	231	1995	2948	4316	27	A+	0.0037	10227	0.9706	100	0.2427	•❚❚❚•❚❚❚•❚❚❚❚•❚••❚❚❚❚❚•
100	12HTVp...rJJo6A	100C	23	15	167	1876	2524	4287	10	A+	0.0015	10294	0.9706	100	0.2426	❚••❚❚❚•❚❚❚❚❚❚❚•❚••❚••❚❚
101	13sWHD...Ti1Ahc	100C	23	15	187	1877	2101	4737	11	A+	0.0016	10296	0.9705	100	0.2426	❚❚•❚❚❚❚❚•❚❚•❚••❚••❚•❚❚❚
102	Zug Capital/11	OTH	23	15	210	1875	2280	4540	2	A+	0.0003	10244	0.9705	10	0.9176	•❚❚•❚❚❚❚•••❚❚••❚❚❚❚❚❚•❚
103	1KmtAW...NK4yMx	100C	23	15	208	1883	2836	3995	15	A+	0.0022	10317	0.9705	100	0.2426	••❚❚❚❚•❚❚•❚❚•••❚•❚❚❚❚❚❚
104	✨Zizzle✨/🌠	TVP	23	15	224	1870	3187	3603	2	A+	0.0003	10229	0.9702	5	0.955	•❚❚❚••❚❚❚❚❚•❚❚•❚❚❚•••❚❚
105	12woCF...bV9tDy	100C	23	15	219	1878	2766	4056	13	A+	0.0019	10277	0.9699	100	0.2425	•❚❚•••❚❚❚•❚❚❚•❚❚❚❚•❚❚❚•
106	14uNsk...obuDhw	100C	23	15	169	1880	2580	4198	9	A+	0.0013	10249	0.9698	100	0.2424	•❚❚••❚❚❚❚•❚❚❚❚❚❚❚••❚••❚
107	13AtGS...SX1yDR	100C	23	15	172	1872	2050	4750	17	A+	0.0025	10278	0.9695	100	0.2424	•❚❚••❚❚❚❚❚❚•❚❚•❚•❚❚❚❚••
108	1124Rs...t3AB6o	100C	23	15	214	1876	2839	3969	15	A+	0.0022	10260	0.9694	100	0.2423	❚❚❚❚❚❚•❚❚••❚❚•••••❚❚❚❚❚
109	15vvFZ...pQC2KE	100C	23	19	154	2377	54	8358	112	A	0.0131	10053	0.9693	100	0.2423	❚•❚❚❚•❚❚•❚❚❚❚❚❚❚❚❚❚❚•❚❚
110	P2P.ORG/9	OTH	23	17	207	2125	2576	5114	84	A	0.0108	10268	0.9691	0.5	0.9885	❚❚❚❚❚❚❚•❚•❚•❚❚•❚❚•❚❚•❚❚
111	15oTVr...PhpD1V	100C	23	15	182	1873	2164	4639	12	A+	0.0018	10230	0.9691	100	0.2423	❚❚❚•❚•❚❚•❚❚❚••❚❚•❚❚••❚❚
112	BINANCE_STAKE_3	100C	23	15	174	1881	2485	4382	48	A+	0.0069	10428	0.9691	100	0.2423	❚•❚❚•••❚❚❚❚••❚❚❚❚❚•❚❚❚•
113	T-Systems MMS	OTH	23	16	171	2007	27	7175	44	A+	0.0061	10210	0.9685	10	0.9171	❚••❚❚❚•❚❚❚❚•❚❚••❚❚•❚❚❚❚
114	15QPDZ...MrGQVH	OTH	23	15	197	1879	3105	3732	29	A+	0.0042	10294	0.9685	0	0.9921	❚•❚❚❚•❚❚❚❚•❚❚•❚••❚❚❚••❚
115	binance_stake_2	100C	23	15	175	1869	2653	4147	41	A+	0.006	10357	0.9684	100	0.2421	❚❚••❚•❚❚•❚❚❚❚••❚❚❚••❚❚❚
116	14CRo9...3BBXkK	100C	23	14	153	1752	1963	4460	25	A+	0.0039	10427	0.9683	100	0.2421	•••❚❚❚❚❚•❚❚•❚❚❚••❚••❚❚❚
117	🐟YellowFin Tuna🐟	OTH	23	15	204	1877	2517	4287	25	A+	0.0037	10258	0.9682	1	0.9846	❚❚❚❚•❚❚❚❚❚❚•❚❚❚❚•••••❚•
118	pos.dog/3	OTH	23	14	211	1751	3261	3121	6	A+	0.0009	10300	0.968	3	0.9695	❚❚❚❚••❚•❚•❚❚•❚❚•❚•❚❚•❚•
119	12MqEB...XAycM2	100C	23	18	184	2253	56	7992	104	A	0.0128	10125	0.968	100	0.242	❚❚❚❚•❚❚❚❚❚•••❚•❚❚❚❚❚❚❚❚
120	Zug Capital/10	OTH	23	13	218	1627	2122	3890	2	A+	0.0003	10427	0.9679	10	0.917	•❚•❚❚•❚❚•••❚❚❚•❚❚•❚❚❚••
121	1F13pZ...bkrAWK	100C	23	14	183	1754	2320	4077	8	A+	0.0012	10302	0.9678	100	0.242	❚❚•❚••❚•❚••❚•❚❚❚❚❚❚❚••❚
122	15tomn...REmsw2	100C	23	13	152	1625	1919	4055	4	A+	0.0007	10435	0.9678	100	0.242	❚❚••••❚•❚❚••❚❚•❚••❚❚❚❚❚
123	168Qoo...vVuMhm	100C	23	14	201	1752	1504	4860	10	A+	0.0016	10311	0.9678	100	0.2419	❚•❚❚❚❚•❚••••❚••❚❚❚❚❚❚❚•
124	Blockdaemon/4	OTH	23	13	190	1628	2176	3839	8	A+	0.0013	10455	0.9677	3	0.9694	❚•❚❚❚❚❚❚•••❚❚❚••❚••❚•❚•
125	12xedM...cJvfRB	OTH	23	17	223	2126	2912	4780	98	A	0.0126	10249	0.9674	40	0.6919	❚❚•❚❚❚❚❚••❚•❚•❚❚❚❚❚❚❚❚•
126	13ippe...u9JMUe	100C	23	14	203	1747	2675	3682	12	A+	0.0019	10305	0.9674	100	0.2419	❚•❚❚••❚••❚❚❚❚•❚❚••❚❚•❚❚
127	138jGB...76wuGc	100C	23	15	194	1865	2538	4204	16	A+	0.0024	10160	0.9673	100	0.2418	❚❚❚❚❚❚❚••❚❚•❚❚•••❚•❚•❚❚
128	14oxWC...TSN1Cj	100C	23	14	183	1747	2123	4203	4	A+	0.0006	10244	0.9672	100	0.2418	❚•❚❚•❚❚••❚❚❚•❚❚❚❚❚•••❚•
129	BINANCE_STAKE_4	100C	23	15	188	1881	2659	4102	51	A+	0.0075	10352	0.9672	100	0.2418	❚•❚••••❚❚❚❚❚❚❚❚❚•❚•❚❚•❚
130	Jaco/v05	OTH	23	14	174	1747	2773	3557	10	A+	0.0016	10278	0.9671	1	0.9843	❚❚❚❚❚••❚••••❚❚❚•❚•❚❚❚•❚
131	14rqNr...8LRcrq	100C	23	16	226	2000	71	7088	35	A+	0.0049	10086	0.967	100	0.2418	❚❚❚•❚❚❚❚❚••❚❚❚❚•❚❚❚••❚•
132	1XQn94...xHK6uL	100C	23	15	225	1875	2629	4203	37	A+	0.0054	10257	0.9669	100	0.2417	•❚❚•❚❚❚••❚❚❚•••❚❚❚❚❚❚❚•
133	13mgD5...hpjp5K	100C	23	16	187	2001	54	7117	47	A+	0.0065	10131	0.9667	100	0.2417	❚❚❚••❚❚••❚❚❚❚❚❚❚•❚❚❚❚••
134	1xsSvZ...5UXJYE	100C	23	14	193	1749	1900	4471	16	A+	0.0025	10290	0.9667	100	0.2417	❚❚❚•❚•❚•❚❚❚❚•••❚❚•••❚❚❚
135	15vUnT...fhPyaU	100C	23	15	182	1878	3061	3702	36	A+	0.0053	10240	0.9666	100	0.2417	❚❚❚•❚•❚❚❚❚❚❚•❚•❚❚••••❚❚
136	145sCK...Cjmumw	100C	23	16	185	2001	123	6968	31	A+	0.0044	10041	0.9665	100	0.2416	❚❚•❚❚•❚❚❚•❚❚❚•❚••❚❚❚❚•❚
137	14PnsL...ZDeppz	100C	23	14	218	1745	2013	4301	9	A+	0.0014	10241	0.9665	100	0.2416	❚••❚❚❚•❚❚❚❚•••❚•❚❚❚•❚•❚
138	13rw7b...4szYme	100C	23	14	160	1750	2279	4052	12	A+	0.0019	10254	0.9664	100	0.2416	•❚❚❚❚•❚❚••❚❚❚❚•••••❚❚❚❚
139	12Dwdm...Dd8trq	100C	23	14	199	1750	2271	4064	12	A+	0.0019	10251	0.9664	100	0.2416	❚•••❚❚❚••❚•••❚❚•❚❚❚❚❚❚❚
140	1VzLR7...x3p8FK	100C	23	14	209	1756	59	6334	29	A+	0.0045	10344	0.9662	100	0.2416	•❚❚❚•❚❚❚•••••❚❚•❚❚❚❚•❚❚
141	BINANCE_STAKE_10	100C	23	14	145	1749	2199	4210	41	A+	0.0064	10414	0.9662	100	0.2415	•••❚❚❚•❚•❚❚•❚❚❚❚❚❚•❚••❚
142	Jaco/v02	OTH	23	13	216	1626	2661	3281	2	A+	0.0003	10329	0.966	1	0.984	❚❚••❚❚❚••❚•❚•❚❚❚•❚•❚•❚•
143	BINANCE_STAKE_5	100C	23	15	188	1875	2174	4614	51	A+	0.0075	10289	0.966	100	0.2415	❚••❚❚••❚❚•❚❚•❚❚❚❚❚❚•❚•❚
144	15UVN8...nszdQY	100C	23	15	237	1875	2712	4119	41	A+	0.006	10230	0.966	100	0.2415	❚❚❚•❚❚❚❚❚••❚❚❚•❚••••❚❚❚
145	Joe/V01	OTH	23	16	150	2003	3036	4167	93	A	0.0127	10330	0.9658	1.9	0.9772	❚•❚❚❚❚❚❚••❚••❚❚❚•❚❚•❚❚❚
146	Zug Capital/04	OTH	23	13	228	1623	2449	3494	5	A+	0.0008	10340	0.9658	10	0.9165	•❚❚❚❚❚••❚❚❚❚••❚❚•❚•❚•••
147	14uS8A...Qye1KN	100C	23	17	173	2131	60	7316	42	A+	0.0057	9897	0.9658	100	0.2415	❚❚❚❚•❚•❚•❚•❚❚❚❚❚❚❚❚❚❚••
148	P2P.ORG/12	OTH	23	17	182	2127	2743	4928	116	A	0.0149	10247	0.9657	0.5	0.9877	❚•❚•❚❚❚❚•❚❚•❚❚❚❚❚❚❚•❚❚•
149	153PzX...UKHNLL	100C	23	14	213	1753	133	6220	18	A+	0.0028	10250	0.9657	100	0.2414	❚••❚❚❚❚❚❚•❚••❚❚❚❚•❚•❚••
150	14wC1K...boo4CA	100C	23	13	190	1630	1915	3993	8	A+	0.0014	10350	0.9656	100	0.2414	❚•❚••❚❚❚❚•••❚❚•❚❚❚❚❚•••
151	15M114...uTZAd6	100C	23	13	172	1628	2094	3779	13	A+	0.0022	10383	0.9656	100	0.2414	❚❚••❚•❚❚•❚•❚•❚❚••❚❚❚•❚•
152	16Fwe1...35nwc8	100C	23	17	152	2130	42	7567	95	A	0.0123	10135	0.9654	100	0.2414	❚•❚❚❚❚❚❚•❚•❚❚❚•❚••❚❚❚❚❚
153	Zug Capital/19	OTH	23	13	211	1623	2110	3828	6	A+	0.001	10309	0.9651	10	0.9163	•❚❚❚❚•❚••••❚••❚•❚•❚❚❚❚❚
154	Jaco/v06	OTH	23	15	195	1871	2382	4338	36	A+	0.0053	10158	0.965	1	0.9838	❚❚❚❚❚❚❚•❚❚❚•••••••❚❚❚❚❚
155	14Fqi7...KhWCFd	100C	23	13	199	1625	1853	4090	13	A+	0.0022	10347	0.965	100	0.2412	•❚•❚•❚❚❚•❚❚•❚❚•❚•••❚•❚❚
156	16P6nQ...ShjRsi	OTH	23	16	226	2001	2918	4325	82	A	0.0112	10222	0.9649	40	0.6912	•❚❚❚❚❚••❚❚❚•❚•❚❚•❚❚❚❚❚•
157	Staker Space/2	TVP	18	13	136	1629	2409	3547	28	A+	0.0047	10423	0.9646	3	0.9686	_____❚••❚❚❚•❚•❚❚❚❚❚❚•❚❚
158	14zcMS...BpBQsE	100C	23	13	145	1626	1842	4080	14	A+	0.0024	10329	0.9645	100	0.2411	•❚•❚•❚••❚•❚❚❚❚•❚❚•❚•❚•❚
159	Staker Space	OTH	23	12	220	1506	2192	3334	0	A+	0	10390	0.9644	3	0.9686	❚•❚❚••❚❚••❚❚•❚❚❚••❚•❚••
160	BINANCE_STAKE_6	100C	23	14	187	1748	2542	3789	43	A+	0.0067	10332	0.9643	100	0.2411	❚❚•❚❚❚•❚•❚••❚❚•❚❚••❚❚❚•
161	14JrNR...v4fL33	100C	23	13	177	1631	2393	3543	17	A+	0.0029	10330	0.9641	100	0.241	••❚❚❚••❚❚•❚❚•❚❚•❚•❚❚••❚
162	1W7neF...GheLbD	100C	23	14	254	1749	38	6247	6	A+	0.001	10094	0.964	100	0.241	❚❚••❚❚•❚•••❚•❚❚❚❚•❚❚❚❚•
163	1584D6...mNgxfY	100C	23	15	196	1877	60	6647	45	A+	0.0067	10145	0.9638	100	0.2409	❚•❚••❚•❚•❚❚❚❚❚❚❚❚•❚•❚❚•
164	🐠 STAKEFISH/SF-01	OTH	23	16	203	1995	2412	4821	98	A	0.0134	10243	0.9637	4	0.9609	❚❚•❚❚❚❚••❚❚❚••❚❚❚❚•❚•❚❚
165	binance_stake_1	100C	23	14	154	1749	2511	3858	52	A+	0.0081	10350	0.9636	100	0.2409	❚❚•❚••❚•❚❚❚❚❚❚•❚•❚❚❚•••
166	14omEr...SgtGfX	100C	23	14	188	1754	96	6230	34	A+	0.0053	10230	0.9634	100	0.2408	❚••❚❚❚❚••❚❚•❚❚❚❚•❚❚•••❚
167	BINANCE_STAKE_13	100C	23	14	157	1746	2475	3895	47	A+	0.0073	10302	0.9633	100	0.2408	•❚•❚❚❚❚❚❚❚••❚••❚❚❚•❚•❚•
168	13unmJ...N31NsF	100C	23	13	179	1628	2342	3524	12	A+	0.002	10243	0.9631	100	0.2408	❚❚❚••❚❚•❚❚❚•❚••❚❚••❚•❚•
169	14rquP...yyL2vM	100C	23	12	167	1497	2155	3297	7	A+	0.0013	10358	0.9628	100	0.2407	•❚❚❚❚•••❚•••••❚❚❚❚❚•❚•❚
170	BINANCE_STAKE_7	100C	23	14	162	1746	2391	3969	57	A+	0.0089	10335	0.9628	100	0.2407	❚•❚•❚❚❚❚❚❚••❚❚•❚••❚•❚•❚
171	14Bc4v...xnXxhF	100C	23	13	208	1627	1895	3945	9	A+	0.0015	10193	0.9625	100	0.2406	❚❚❚••••❚•❚❚❚❚❚❚•❚••••❚❚
172	Polkadot.pro - Realgar	OTH	23	12	215	1500	2225	3192	12	A+	0.0022	10373	0.9624	1	0.9831	❚••❚❚❚❚•❚•❚❚••❚••••❚•❚❚
173	15AcyK...v4bfFv	OTH	23	15	223	1882	2469	4379	84	A	0.0121	10281	0.9623	40	0.6906	••••❚❚❚❚❚❚❚❚•❚•❚❚❚•❚❚•❚
174	Jaco/v03	OTH	23	12	161	1495	1674	3769	8	A+	0.0015	10331	0.9622	1	0.983	❚❚••••❚❚❚••❚••❚❚•❚❚•❚•❚
175	16VVhE...1vWF9J	100C	23	16	195	2006	121	7096	102	A	0.0139	10178	0.962	100	0.2405	•❚••❚•❚❚❚•❚❚❚•❚❚❚❚❚❚❚❚•
176	BINANCE_STAKE_8	100C	23	13	133	1623	2254	3691	41	A+	0.0068	10375	0.962	100	0.2405	•❚❚❚••❚❚❚••❚❚••❚•❚❚❚❚••
177	1ZhsUE...ybgATT	100C	23	13	173	1623	2079	3776	9	A+	0.0015	10167	0.962	100	0.2405	•❚❚••••❚••❚❚❚❚❚•❚••❚❚❚❚
178	1RV4t3...q2bRN7	100C	23	15	184	1872	126	6490	26	A+	0.0039	9940	0.9619	100	0.2405	❚❚•❚❚❚•❚•❚••❚•❚••❚❚❚❚❚❚
179	General-Beck/Laniakea	OTH	23	14	162	1747	166	6046	38	A+	0.0061	10158	0.9614	4	0.9604	••❚❚••❚••❚❚❚•❚❚❚❚❚❚••❚❚
180	15tu47...eNyKLy	100C	23	18	229	2250	101	7440	35	A+	0.0046	9454	0.9611	100	0.2403	•❚❚❚❚❚•❚•❚❚❚❚❚❘❚❚❚❚•❚❚•
181	12HFym...n1XMrj	OTH	23	13	235	1626	28	5796	8	A+	0.0014	10113	0.961	8	0.9303	••••❚❚•❚❚•❚•❚❚•❚❚❚••❚❚❚
182	16FUnn...AjkaZ5	OTH	23	17	146	2126	2009	5395	87	A	0.0116	9874	0.9609	10	0.9152	❚❚❚•❚❚❚•❚•❚❚•❚❚❚❚•❚•❚❚❚
183	158Qkc...EBd2LU	100C	23	14	162	1757	51	6164	25	A+	0.004	10034	0.9606	100	0.2401	•••❚❚❚❚•❚❚❚•❚❚•❚•❚❚•❚•❚
184	BINANCE_STAKE_12	100C	23	12	168	1499	2209	3237	25	A+	0.0046	10360	0.9604	100	0.2401	❚•❚•••❚•❚•❚❚•❚••❚•❚❚❚•❚
185	Polychain Labs/Validator 07	OTH	17	12	149	1499	2070	3419	14	A+	0.0025	10278	0.9603	20	0.8401	•❚❚❚❚❚❚••❚•❚❚❚❚•❚______
186	143CgB...h2pA4N	100C	23	13	193	1627	121	5678	21	A+	0.0036	10156	0.9602	100	0.2401	••••❚❚••❚❚••❚❚••❚❚❚❚❚❚❚
187	16hzCD...gLe5ib	100C	23	15	184	1882	60	6622	63	A+	0.0093	10045	0.9598	100	0.24	❚••❚❚❚❚❚•❚❚❚••❚❚••❚❚•❚❚
188	13v1KU...qUwdVs	100C	23	13	179	1623	64	5747	25	A+	0.0043	10163	0.9598	100	0.24	❚❚•❚•❚•❚❚••❚❚•❚•❚••❚❚❚•
189	12Bf7t...AqrHJ4	100C	23	13	218	1623	56	5789	30	A+	0.0051	10192	0.9598	100	0.2399	•❚❚•❚•❚❚••❚••❚•❚❚❚•❚❚•❚
190	P2P.ORG/15	OTH	23	14	188	1754	2339	4041	83	A	0.0128	10315	0.9594	0.5	0.9861	❚❚❚•❚❚••❚••❚❚❚❚❚❚••❚••❚
191	13EPZE...mGzbiJ	100C	23	17	187	2127	115	7107	48	A+	0.0066	9601	0.9594	100	0.2398	❚•❚❚•❚❚❚❚•❚❚❚•❘•❚•❚❚❚❚❚
192	pos.dog/0	OTH	18	11	171	1372	1762	3271	8	A+	0.0016	10314	0.9587	3	0.9672	_____❚•❚❚❚•❚❚••❚❚••❚❚•❚
193	Current/1	OTH	23	16	178	2002	28	7069	118	A	0.0164	10091	0.9585	1	0.9821	•❚•❚❚❚❚❚•❚❚❚❚•❚••❚❚•❚❚❚
194	15V6Nj...RPCoYS	OTH	23	14	183	1758	40	6089	18	A+	0.0029	9872	0.9583	8	0.9296	❚❚••❚•❚❚❚❚•❚•❚❚❚•❚•❚❚••
195	1wcx1M...EKqay6	100C	23	15	146	1878	2731	4027	107	A	0.0156	10197	0.9581	100	0.2395	•••❚❚❚❚❚•❚•❚•❚❚❚❚❚❚••❚❚
196	12eZSM...PZPjcR	100C	23	11	165	1381	1512	3481	31	A+	0.0062	10401	0.9569	100	0.2392	❚••❚•••❚•❚❚•••••❚•❚❚❚❚❚
197	Jaco/v04	OTH	23	12	220	1498	2325	3088	30	A+	0.0055	10213	0.9568	1	0.9817	❚•❚•❚•••••❚❚•❚❚❚❚•••❚❚❚
198	14tcr2...RsFs26	100C	23	11	191	1374	1684	3278	9	A+	0.0018	10221	0.9567	100	0.2392	•❚•••❚❚•❚❚❚•❚❚•••❚••❚•❚
199	13BN4W...2KkQpP	OTH	23	14	154	1752	31	6173	72	A	0.0115	10117	0.9566	8	0.9291	❚❚❚••❚❚•❚•••❚❚❚•❚❚❚❚❚••
200	12ECDE...ogGrMZ	OTH	23	14	152	1747	53	6064	40	A+	0.0065	9924	0.9566	8	0.9291	❚❚❚❚❚❚•❚❚•••❚❚❚•❚❚•••❚•
201	15PcFY...4xjjBf	100C	23	11	208	1374	1773	3164	8	A+	0.0016	10178	0.956	100	0.239	•❚•❚••❚••••❚❚❚❚•••❚❚❚•❚
202	pos.dog/7	OTH	23	11	206	1368	2243	2708	8	A+	0.0016	10169	0.9559	3	0.9665	•••❚•❚❚•••❚•❚••❚❚❚❚••❚❚
203	Zug Capital/16	OTH	17	11	167	1373	2257	2664	0	A+	0	10094	0.9556	10	0.9139	❚❚••❚❚❚••❚❚______❚❚•❚•❚
204	Staked	OTH	23	13	156	1620	1359	4501	84	A	0.0141	10253	0.9542	10	0.9135	❚•❚••❚••••❚❚❚••❚❚❚❚❚❚❚•
205	AG	TVP	11	9	88	1129	1698	2410	3	A+	0.0007	10351	0.954	3	0.966	•❚❚❚❚❚❚❚❚❚•____________
206	Blockdaemon/3	OTH	23	9	168	1123	1920	2206	3	A+	0.0007	10342	0.9538	3	0.9659	❚❚••••❚••❚❚❚•❚••••••❚•❚
207	pos.dog/10	OTH	17	10	141	1252	1887	2613	11	A+	0.0024	10228	0.9533	3	0.9658	❚❚❚•❚❚•••❚❚❚❚•••❚______
208	13KYU1...1vfvEv	100C	23	15	185	1872	55	6262	32	A+	0.005	9517	0.9528	100	0.2382	❚❚❚•❚❚❚❚❚•❚❚••❘•❚•❚••❚❚
209	RADIUMBLOCK.COM	TVP	12	9	108	1125	1751	2334	9	A+	0.0022	10333	0.9525	3	0.9656	_____❚❚❚❚❚❚______•❚•❚•❚
210	P2P.ORG/17	OTH	23	14	229	1750	2452	3788	109	A	0.0172	10122	0.9524	0.5	0.9844	❚❚•❚•❚❚❚❚•❚❚•❚❚•❚•❚•❚••
211	Figment/1	OTH	23	14	196	1752	1889	4387	125	A	0.0195	10195	0.9521	10	0.913	❚❚❚❚•••••❚❚❚•❚❚❚❚❚❚•❚••
212	P2P.ORG/3	OTH	23	15	181	1877	2338	4393	169	A	0.0245	10178	0.9511	0.5	0.984	❚❚❚•❚❚•❚❚❚•❚••❚••❚❚•❚❚❚
213	P2P.ORG/10	OTH	23	16	215	2000	2533	4588	189	A	0.0259	10062	0.9508	0.5	0.984	❚❚••❚•❚❚❚❚❚❚•❚❚❚•❚•❚•❚❚
214	1652xa...Xo9T7d	OTH	23	14	143	1744	1484	4756	131	A	0.0206	10165	0.9507	10	0.9127	❚•❚❚❚••❚❚❚❚•❚❚•❚❚•❚••❚•
215	13Q5v2...sZKaMc	100C	23	20	136	2505	120	8530	335	A	0.0373	9845	0.9502	100	0.2376	❚❚❚•❚❚❚❚❚❚❚•❚❚❚❚❚❚❚❚•❚❚
216	P2P.ORG/6	OTH	23	16	194	1992	2536	4576	205	A	0.028	10090	0.9497	0.5	0.9837	••❚❚•••❚❚❚❚•❚❚❚❚❚•❚❚❚❚❚
217	16d9XU...Rvfcvc	100C	23	11	175	1376	22	4815	39	A+	0.008	10018	0.9482	100	0.237	•❚••••❚•❚❚•❚❚❚❚❚❚••❚•••
218	Figment	OTH	23	15	198	1880	2442	4271	189	A	0.0274	10113	0.9476	10	0.9119	••❚❚❚•❚❚❚••❚❚❚❚❚❚❚❚•❚••
219	P2P.ORG/4	OTH	23	15	206	1877	2316	4331	183	A	0.0268	10033	0.9465	0.5	0.9829	❚❚••❚❚❚•❚❚••❚❚❚❚•❚❚•❚❚•
220	P2P.ORG	OTH	23	16	195	2010	2308	4816	255	A	0.0346	10127	0.9456	0.5	0.9826	❚❚❚❚❚❚••❚❚❚•❚•❚❚•❚•❚❚❚•
221	14j7Yc...rfhbnt	OTH	23	14	201	1747	1918	4334	171	A	0.0266	10122	0.9453	40	0.6863	••❚❚❚❚❚•❚•❚•••❚•❚❚❚❚❚❚•
222	1%	TVP	11	6	93	751	1312	1437	1	A+	0.0004	10333	0.9448	1	0.9787	••❚❚❚•❚❚•❚•____________
223	Paramito/1	TVP	12	9	82	1126	1722	2276	27	A+	0.0067	10104	0.9447	1	0.9787	___________❚❚❚❚••❚❚•❚❚❚
224	P2P.ORG/5	OTH	23	16	223	1997	2328	4772	242	A	0.033	10015	0.9446	0.5	0.9824	❚••❚❚•❚❚••❚❚❚❚•❚❚❚•❚❚❚❚
225	synclub-1	100C	12	7	97	878	1145	2052	27	A+	0.0084	10417	0.9434	100	0.2359	___________•❚•❚❚•❚•❚❚❚•
226	12bUkY...N1ujjU	OTH	23	15	191	1871	2486	4143	211	A	0.0308	10001	0.9429	40	0.6857	❚❚❚❚•❚❚❚••❚•❚❚•❚❚❚❚•❚••
227	ForklessNation	TVP	18	12	150	1506	1025	4191	83	A	0.0157	9835	0.9419	3	0.963	_____❚•❚•❚•❚❚❚•❚❚❚••❚❚❚
228	Zug Capital/07	OTH	5	5	51	624	671	1619	0	A+	0	10324	0.9418	10	0.9105	❚❚❚❚❚__________________
229	12DsYU...rCK4rn	OTH	23	14	237	1749	1831	4404	190	A	0.0296	10054	0.9418	40	0.6854	❚❚❚❚••❚••❚•❚•❚••❚❚❚❚•❚❚
230	XUAN	TVP	23	14	136	1747	105	6020	176	A	0.0279	9972	0.9414	5	0.9479	•❚❚❚❚••❚❚•❚❚❚❚❚•❚••❚••❚
231	P2P.ORG/21	OTH	23	11	191	1378	1807	3088	109	A	0.0218	10187	0.9411	0.5	0.9815	❚❚❚••••❚❚❚❚❚❚••••❚••••❚
232	15PJA4...zekn1L	100C	23	14	200	1747	2164	4033	194	A	0.0304	10022	0.9406	100	0.2351	❚❚•❚❚•❚••❚•❚❚❚❚••❚❚••❚❚
233	Genesis Lab	TVP	6	5	53	624	964	1311	1	A+	0.0004	10264	0.9403	3	0.9626	_________________❚❚❚❚•❚
234	PlusV/➕V	TVP	11	4	98	500	855	978	0	A+	0	10390	0.94	3	0.9625	❚••❚❚•❚••••____________
235	ALFASTAKE/ZENIT	TVP	6	5	72	626	920	1383	6	A+	0.0026	10328	0.9399	5	0.9475	_________________❚❚❚❚❚•
236	Zetetic Validator/01	TVP	6	5	47	628	802	1494	8	A+	0.0035	10340	0.9395	5	0.9474	_____❚❚❚❚❚•____________
237	CoinFund/Grassfed	OTH	23	13	157	1627	1869	3936	198	A	0.033	10186	0.9388	5	0.9472	•❚❚•❚•❚❚❚•❚•❚•••❚❚•❚❚•❚
238	SEKOYA LABS/1	TVP	17	9	114	1121	1019	2996	71	A	0.0174	10200	0.9386	5	0.9471	••❚❚❚•❚❚❚❚••❚•••❚______
239	14Abui...xKXBmg	OTH	23	14	153	1746	19	6074	196	A	0.0312	9872	0.9371	12	0.8943	❚•❚❚•❚••❚•❚❚❚•❚❚❚•❚•❚❚•
240	turboflakes.io/RAIDEN	TVP	5	4	46	499	740	1087	2	A+	0.0011	10260	0.9367	1	0.9767	❚❚❚•❚__________________
241	15omhU...t9F72d	100C	23	13	189	1623	1929	3816	188	A	0.0317	10023	0.9366	100	0.2341	❚••❚❚❚❚•❚•••❚•••❚❚❚•❚❚❚
242	GATOTECH/UK1	TVP	6	4	60	501	674	1119	1	A+	0.0006	10230	0.9365	3	0.9616	___________❚••❚❚❚______
243	124YFX...x8TJ2W	OTH	23	14	147	1749	148	5957	228	A	0.036	9975	0.9354	8	0.9239	•❚❚•❚❚•❚❚•❚❚❚❚❚•❚❚❚••••
244	AncibanciDOT	TVP	6	5	56	629	25	2224	15	A+	0.0066	10204	0.9345	5	0.9461	_________________•❚❚❚❚❚
245	13Ybj8...ncHGzc	100C	23	15	194	1882	1441	5132	273	A	0.0399	9897	0.9341	100	0.2335	••❚•❚❚❚❘•❚•••❚❚❚❚❚❚❚•❚❚
246	ALGO | STAKE/CERULEAN ONE	TVP	6	3	35	375	159	1193	6	A+	0.0044	10373	0.9334	3	0.9608	_________________•••❚❚❚
247	17bR6r...fqVg7m	100C	23	15	156	1869	1741	4825	301	A	0.0438	10000	0.9331	100	0.2333	•❚❚•❚❚❚❚❚••❚❚••❚❚••❚❚❚❚
248	Sio34	TVP	5	4	42	497	522	1277	10	A+	0.0055	10195	0.9321	3	0.9605	❚❚❚❚•__________________
249	12WGkK...ThP9Zj	100C	23	15	172	1879	2780	3738	287	A	0.0422	9870	0.9318	100	0.233	•!•❚•❚•❚•❚❚•❚❚❚•❚•❚❚❚❚❚
250	14onyM...LqNZpe	100C	23	15	126	1875	1693	4872	316	A	0.0459	9996	0.9315	100	0.2329	❚❚•❚❚❚••••❚❚•❚❚❚•❚•❚❚❚❚
251	Alko/GoOpen	TVP	6	4	56	500	936	857	9	A+	0.005	10105	0.9308	5	0.9452	___________❚❚❚••❚______
252	🔒stateless_money🔒	OTH	23	16	214	2003	50	6610	277	A	0.0399	9433	0.9281	5	0.9445	❚❚❚❙❚•❚❚❚•❚❚•❚❚❚❚❚•❚•••
253	finalbits	TVP	6	2	51	249	349	549	2	A+	0.0022	10170	0.928	3	0.9595	_________________❚••••❚
254	1bAVKR...eHSTYj	OTH	23	11	197	1377	1535	3307	173	A	0.0345	10000	0.9279	40	0.682	•❚❚•❚❚•❚••❚❚❚❚❚❚•••••••
255	14jr3c...wP9LAz	100C	23	17	144	2126	114	7103	392	B+	0.0515	9716	0.9279	100	0.232	•❚•❚❚❚❚•❚❚❚❚❚❚❚•❚❚❚•❚❚•
256	hsinchu	TVP	5	1	45	126	170	282	4	A+	0.0088	10500	0.9265	3	0.9591	❚••••__________________
257	RockX_Polkadot	OTH	23	14	162	1746	1615	4513	316	A	0.049	9977	0.9257	10	0.9064	•••❚❚❚❚❚❚•❚•❚•••❚❚❚❚❚❚•
258	13j3xp...3JHP7d	100C	23	15	167	1871	31	6183	254	A	0.0393	9405	0.925	100	0.2313	•❚❚❚❚❚❚•¿•❚•❚❚•❚❚❚❚❚•••
259	Polychain Labs/Validator 02	OTH	6	6	37	749	937	1749	63	A	0.0229	10180	0.9249	20	0.8312	_________________❚❚❚❚❚❚
260	BESTVALIDATOR | ZURICH/p1	TVP	17	14	149	1748	204	5675	231	A	0.0378	9451	0.924	3	0.9585	❚❚•❚❚❚•❚❚❚❚❚❚¿❚❚•______
261	JeanPierre/1	TVP	12	8	89	1001	14	3488	98	A	0.0272	9897	0.9223	3	0.9581	_____•❚❚❚••______❚❚❚•❚❚
262	13YDN2...RgxhNz	100C	23	15	160	1883	24	6341	338	B+	0.0504	9669	0.9217	100	0.2304	•❚❚•❚❚❚❚❚•❚❚••❚❚••❚❚❚❚•
263	1jZqir...2ufbyN	100C	23	17	144	2124	27	7173	452	B+	0.0591	9680	0.9216	100	0.2304	❚❚•❚•❚•••❚❚❚❚❚❚❚❚❚❚•❚❚❚
264	15ANfa...X11pzM	100C	23	17	136	2132	49	7126	447	B+	0.0586	9629	0.9209	100	0.2302	❚❚❚❚❚❚❚•❚••••❚❚❚❚❚❚❚•❚❚
265	14gPzp...ACR8NX	100C	23	15	158	1877	802	5690	389	B+	0.0565	9854	0.9207	100	0.2302	❚❚❚•••❚❚•❚❚❚•❚•❚❚❚❚•❚❚•
266	13N2Np...sFmuhd	100C	23	16	141	2006	24	6358	281	A	0.0422	9102	0.92	100	0.23	❚•❚❚•❚❚•❚❚❚❚❚❚•••❚¿•❚❚❚
267	STAKEPILE	TVP	6	2	45	252	4	884	15	A	0.0166	10310	0.92	1	0.9725	___________••❚❚••______
268	1YguHo...NWyC3X	100C	23	17	149	2124	44	7141	479	B+	0.0625	9677	0.9189	100	0.2297	❚❚•❚❚❚❚❚•❚❚❚❚❚••••❚❚❚❚❚
269	168FJ5...PCnCKR	100C	23	14	184	1750	48	5740	266	A	0.0439	9364	0.9177	100	0.2294	❚❚••❚❚••¿•❚❚❚❚❚❚•❚•••❚❚
270	TheGuild	TVP	5	5	38	623	723	1491	60	A	0.0264	10020	0.9161	3	0.9565	❚❚❚❚❚__________________
271	1FKf1e...7N2KeQ	100C	23	20	139	2499	43	8275	660	B+	0.0735	9480	0.916	100	0.229	❚❚❚❚❚••❚❚❚❚❚❚•❙❚❚❚❚❚❚❚❚
272	1qHrBu...pCK1jR	100C	23	16	140	2000	62	6643	432	B+	0.0605	9591	0.9157	100	0.2289	❚•❚❚❚❚❚•••❚❚•❚•❚❚❚•❚❚❚❚
273	SNZPool-1	OTH	23	16	169	2004	1665	5244	491	B+	0.0664	9815	0.9157	1	0.9714	•❚❚❚•❚❚❚❚❚•❚•❚••❚•❚❚❚❚❚
274	LLoyds.tech	TVP	6	3	51	374	18	1289	27	A	0.0202	9993	0.9141	3	0.956	_________________❚•••❚❚
275	15zGK5...Vz7DYg	100C	23	17	151	2125	79	7032	507	B+	0.0666	9567	0.9138	100	0.2284	❚❚❚••❚•❚❚❚❚❚❚❚❚••❚•❚❚❚❚
276	Mile	TVP	6	3	48	374	7	1321	29	A	0.0214	10013	0.9137	1	0.9709	___________❚••❚❚•______
277	13NFKR...2YspLV	100C	23	17	147	2128	50	7082	538	B+	0.0701	9538	0.9105	100	0.2276	❚❚•❚•❚•❚❚❚❚•••❚❚❚❚❚❚❚❚❚
278	15ikBt...pSQuv2	100C	23	13	150	1629	24	5554	359	B+	0.0605	9792	0.9105	100	0.2276	❚❚••❚❚❚❚❚•❚❚•••❚❚❚•❚•••
279	129o9r...iZovBd	100C	23	18	175	2247	35	7089	456	B+	0.0602	8987	0.9104	100	0.2276	❚❚•❚•❚•❚❚•❚❚❚❚❚❚❚❚❘❚❚❚•
280	14z7xj...78J3cQ	100C	23	18	140	2249	69	7355	577	B+	0.0721	9425	0.9099	100	0.2275	•❚•❚❚❚❚❚❚❚❚❚•❚❚❚❚❚❚•❚•❚
281	1eLUhR...muTatG	100C	23	16	186	1998	48	6640	484	B+	0.0675	9533	0.9094	100	0.2273	❚❚❚❚•¿❚❚❚❚•❚❚❚❚❚❚••••❚•
282	16ky64...B7LHHR	100C	23	15	171	1876	46	5725	260	A	0.0431	8736	0.9092	100	0.2273	••••❚❚❚❚¿❚❚❚•❚❚❚•❚❘❚•❚•
283	1RqhgL...J4jShw	100C	23	14	129	1745	42	5837	386	B+	0.0616	9590	0.9088	100	0.2272	•❚❚❚❚❚••❚•❚•❚•❚•❚❚•❚❚•❚
284	15rQD4...BVzCjf	100C	23	13	133	1623	16	5496	362	B+	0.0616	9709	0.908	100	0.227	❚❚•❚•❚❚❚❚•❚••❚••❚❚•❚•❚•
285	1ZjP48...hXwZim	100C	23	16	165	1999	22	6706	516	B+	0.0712	9578	0.9074	100	0.2269	❚❚❚❚❚❚❚❚❚❚•❚❚•❚❚❚•❚••••
286	1yHLcB...2gC826	100C	23	15	128	1873	55	6238	456	B+	0.0676	9578	0.9071	100	0.2268	•❚❚••••❚❚•❚❚❚❚•❚❚❚•❚❚❚❚
287	Legos/X	TVP	12	10	84	1248	36	4231	228	B+	0.0507	9682	0.9066	3	0.9541	___________❚❚•❚❚❚❚•❚❚❚❚
288	13mhUn...FooDiF	100C	23	13	121	1630	15	5447	378	B+	0.0647	9593	0.9035	100	0.2259	•❚❚••••❚❚❚•❚❚❚•••❚❚❚❚❚•
289	Sensei	TVP	12	5	67	629	374	1826	100	A	0.0435	10024	0.9034	3	0.9533	___________•••❚•❚•❚❚•❚•
290	138shU...LVVMH1	100C	23	15	152	1881	110	6178	496	B+	0.0731	9554	0.9025	100	0.2256	••❚❚•❚❚❚❚❚•❚••❚•❚•❚❚❚❚❚
291	13p1j6...zmPma8	100C	23	14	157	1748	82	5796	441	B+	0.0698	9567	0.9022	100	0.2256	•❚❚❚••••❚❚❚❚•❚❚•❚❚•❚•❚❚
292	IOSG Ventures	OTH	6	5	51	627	876	1313	96	A	0.042	9896	0.902	3	0.953	_____❚❚❚❚❚•____________
293	🐑 HODL.FARM 🐑/C	TVP	6	5	53	626	458	1553	44	A	0.0214	9092	0.9019	0.8	0.9695	_____❚❚❚❚❚•____________
294	13x7Pb...gzqpVY	100C	23	14	139	1754	52	5800	426	B+	0.0679	9438	0.9012	100	0.2253	•❚❚❚❚••❚•❚••❚❚•❚❚❚❚❚••❚
295	1HDgY7...pKUKFw	100C	23	16	164	1998	30	6274	439	B+	0.0651	8995	0.9007	100	0.2252	•❚❚❚❚❚•❚❚❚❚❚❚❚❘❚❚••••❚•
296	1yGJ3h...ktiAmq	100C	23	17	156	2122	82	6814	567	B+	0.076	9250	0.9006	100	0.2251	❚❚❚❚•❚❚❚❚❚❚❚❚¿❚•••••❚❚❚
297	14j9Wz...P6r367	100C	23	16	127	2004	84	6437	517	B+	0.0735	9290	0.9002	100	0.225	❚❚❚❚❚❚❚❚••❚❚❚❚•❚•❚•❚••❚
298	15uQdw...cEndzs	100C	23	14	163	1753	61	5798	467	B+	0.0738	9540	0.8987	100	0.2247	••❚•❚❚❚❚•❚•❚❚❚❚❚•❚❚•••❚
299	1KgwVb...BRUtQv	100C	23	14	150	1755	55	5745	478	B+	0.0761	9511	0.8964	100	0.2241	•••••❚•❚❚•❚❚❚❚❚❚•❚❚•❚❚❚
300	🍀ARISTOPHANES🍀	TVP	23	18	144	2254	119	7252	727	B+	0.0898	9398	0.8961	0	0.974	❚•❚•❚❚••❚❚❚❚❙•❚❚❚❚❚❚❚❚❚
301	14U9uA...JLZmsz	100C	23	18	153	2251	126	7046	646	B+	0.0826	9030	0.8944	100	0.2236	❚❚❚❚•❚••❚❚❚•❚¿❚❚❚•❚❚❚❚❚
302	1A2ATy...xGvCho	OTH	23	13	149	1628	41	5400	438	B+	0.0745	9469	0.8937	8	0.9134	❚❚❚❚••❚•❚••❚•❚❚❚❚•❚•❚••
303	StakeDOTs.com - by Bison Trails	OTH	23	13	165	1628	50	4627	222	A	0.0453	8229	0.8916	35	0.7104	••••❚❚❚❚•❚••❚•¿❚❚❚¿••❚❚
304	Staking Lab/1	TVP	6	5	38	622	10	2127	128	B+	0.0565	9852	0.8903	3	0.9501	___________❚❚❚❚•❚______
305	14abtG...g7kURB	100C	23	12	130	1498	90	4840	409	B+	0.0766	9431	0.8884	100	0.2221	•❚❚❚❚•❚❚•❚❚•••❙••❚❚•••❚
306	13xZTj...q5LpnG	100C	23	9	142	1124	29	3714	282	B+	0.0701	9515	0.8858	100	0.2214	•❚••❚••••❚❚•••❚❚••❚❚••❚
307	16eybS...yCoieB	100C	23	11	153	1383	42	4485	453	B+	0.091	9300	0.872	100	0.218	••❚•❚••••❚❚❚¿❚•❚•❚❚••❚•
308	12WmM9...rbZFW4	OTH	23	13	156	1622	14	5168	577	B	0.1002	9063	0.8666	8	0.9067	❚❚•❚••❚❚❚❚❚•••❚❚❚•❚•••¿
309	kouti/1	TVP	17	10	138	1253	23	3642	833	B	0.1852	8270	0.7784	3	0.9221	••❙❙❙••❚❙•❚❚❚❚❚••______
310	1CKUGh...KC219S	100C	23	16	111	2006	1485	3036	2734	C	0.3768	6370	0.6161	100	0.154	!!!••!•••❘❙!❚❚•❚❚•❘❚❚❚❘
311	162Dme...iY2wXz	100C	23	18	116	2250	1925	3052	3229	C	0.3935	6220	0.6068	100	0.1517	•¿❚❚❚❚❚❚❘!!!❙❚!•❘•!❘••❙
312	1dquPs...joNWpZ	100C	23	13	132	1623	1204	2396	2289	C	0.3887	6292	0.5966	100	0.1492	❚¿❘¿❚••••❘!❚❚••❚❚••❚¿••
313	148ADE...ZzRBpQ	100C	23	17	125	2126	1278	3062	3339	D+	0.4348	5777	0.5642	100	0.1411	❘¿❚❚•❘!••❚•!❘❚❚❚¿❚•¿¿❚•
314	144Qov...NT2Zzd	100C	23	19	116	2388	1820	2889	3895	D+	0.4527	5624	0.5539	100	0.1385	¿•❚!•❚❘!❚❘❙❚•❚❙¿!!•❙❚¿!
315	15VJJi...X6uMZN	100C	23	14	111	1750	1073	1921	3355	D	0.5284	4841	0.4668	100	0.1167	❚•❚•!❘!•!•!❚••❙•!•!❙!•!
316	12BJ7E...f4WGiS	100C	23	18	81	2258	1277	1954	4995	F	0.6072	4075	0.405	100	0.1013	!•❙!¿¿!❚❚•!•!!❘❘❙!❙❘••!
317	🐍Snake Stake🐍/1	TVP	12	9	82	1125	29	1511	2073	D	0.5738	3968	0.4006	3	0.8277	_____❚•!❘!!______•❚•❘!❘
318	redpenguin	TVP	12	8	129	1001	102	326	3199	F	0.882	1200	0.1129	5	0.7407	___________••!•!!!!¿•!!



	——
	onet v0.9.17
