	📮 Validators Performance Insights Report for Polkadot from 785 // 4746 to 788 // 4769
	57164 blocks recorded from #11332393 to #11389557

#	Validator	Subset	Active Sessions	P/V Sessions	❒	↻	✓i	✓e	✗	Grade	MVR	Avg. PPTS	Score	Commission (%)	Commission Score	Timeline
1	13AtGS...SX1yDR	100C	24	21	211	2630	3374	6291	19	A+	0.002	10372	0.9862	100	0.2466	❚❚•❚❚❚❚❚❚❚❚❚❚❚❚❚❚❚••❚❚❚❚
2	pos.dog/9	OTH	24	21	242	2627	4198	5509	11	A+	0.0011	10341	0.9862	3	0.9741	❚❚❚❚❚❚❚❚❚•❚•❚❚❚•❚❚❚❚❚❚❚❚
3	Zug Capital/11	OTH	24	20	209	2508	3553	5706	7	A+	0.0008	10402	0.9849	2.5	0.9775	❚❚❚❚❚❚❚•❚•❚❚•❚❚❚❚❚❚❚❚❚•❚
4	1XQn94...xHK6uL	100C	24	21	232	2635	4521	5166	45	A+	0.0046	10347	0.9837	100	0.2459	•❚❚•❚❚❚❚❚❚❚❚❚❚❚❚❚❚❚❚❚❚•❚
5	Zug Capital/09	OTH	24	20	213	2503	3421	5851	9	A+	0.001	10351	0.9836	2.5	0.9772	❚•❚❚❚••❚❚❚❚❚❚❚❚❚❚❚❚❚•❚❚❚
6	Zug Capital/22	OTH	24	19	250	2380	3227	5582	10	A+	0.0011	10456	0.9828	2.5	0.977	❚❚❚❚❚❚❚❚❚••❚••❚❚❚❚❚❚❚❚•❚
7	pos.dog/10	OTH	24	20	216	2504	3873	5319	22	A+	0.0024	10334	0.9822	3	0.9731	❚❚❚•❚❚❚•❚❚❚❚❚❚❚•❚❚❚•❚❚❚❚
8	Blockdaemon/4	OTH	24	19	182	2379	3629	5162	15	A+	0.0017	10433	0.9819	3	0.973	❚❚•❚❚❚❚❚❚❚•❚❚••❚•❚❚❚❚❚❚❚
9	15apjb...8WAaKP	100C	24	20	226	2503	3084	6100	27	A+	0.0029	10330	0.9817	100	0.2454	❚❚❚❚•❚❚❚❚•❚❚❚❚•❚❚❚❚❚❚❚•❚
10	Jaco/v01	OTH	24	19	233	2385	4072	4773	9	A+	0.001	10385	0.9814	1	0.9878	❚❚❚❚❚❚•❚❚❚•❚❚❚•••❚❚❚❚❚❚❚
11	12woCF...bV9tDy	100C	24	19	227	2380	3815	4985	14	A+	0.0016	10396	0.9812	100	0.2453	•❚❚❚❚❚•❚❚❚❚❚❚•❚•❚❚•❚❚❚❚❚
12	12EZem...SDfWd2	100C	24	19	178	2376	2844	5910	14	A+	0.0016	10391	0.9811	100	0.2453	❚•❚❚•❚❚•❚❚❚❚••❚❚❚❚❚❚❚❚❚❚
13	pos.dog/3	OTH	24	19	197	2381	3675	5078	11	A+	0.0013	10369	0.9809	3	0.9727	•❚❚❚❚❚❚❚❚❚❚•❚•❚•❚❚•❚❚❚❚❚
14	12eA9g...eautfX	100C	24	19	251	2381	3576	5251	23	A+	0.0026	10416	0.9809	100	0.2452	❚❚❚•❚❚❚•❚❚❚❚•❚❚••❚❚❚❚❚❚❚
15	pos.dog/5	OTH	24	19	223	2380	3331	5512	12	A+	0.0014	10371	0.9809	3	0.9727	❚•❚❚❚••❚❚❚❚❚❚❚❚•❚•❚❚❚❚❚❚
16	12eZSM...PZPjcR	100C	24	20	175	2507	2646	6565	60	A+	0.0065	10396	0.9805	100	0.2451	❚❚❚•❚❚❚❚❚❚❚❚❚❚❚❚❚❚❚❚••❚•
17	14VWEJ...rnmqFd	100C	24	19	213	2384	3724	5075	20	A+	0.0023	10383	0.9804	100	0.2451	•❚❚❚❚❚❚❚❚❚❚❚•❚❚•❚❚•❚❚❚•❚
18	12VYdJ...nzPtAL	100C	24	19	225	2380	2795	5989	21	A+	0.0024	10378	0.9802	100	0.2451	❚❚❚❚❚•❚❚❚❚❚❚•❚❚❚•❚❚••❚❚❚
19	14das6...9n8VDV	100C	24	19	205	2380	2461	6302	17	A+	0.0019	10361	0.9802	100	0.2451	❚❚❚❚❚•❚❚•❚•❚❚••❚❚❚❚❚❚❚❚❚
20	1xsSvZ...5UXJYE	100C	24	19	192	2385	3202	5533	19	A+	0.0022	10356	0.9799	100	0.245	❚❚❚❚❚•••❚❚❚❚❚❚❚❚❚❚•❚❚❚❚•
21	15DDuw...o6bYbq	100C	24	19	205	2380	2311	6474	13	A+	0.0015	10331	0.9799	100	0.245	•❚❚❚❚❚•❚❚❚❚❚•❚•❚❚•❚❚❚❚❚❚
22	168Qoo...vVuMhm	100C	24	19	209	2376	2528	6218	14	A+	0.0016	10305	0.9793	100	0.2448	❚❚❚•❚❚•❚❚❚❚❚•❚❚❚❚••❚❚❚❚❚
23	Blockdaemon/5	OTH	24	18	204	2252	3478	4819	12	A+	0.0014	10426	0.979	3	0.9723	•❚❚❚❚❚❚•❚•❚❚•❚❚❚❚•❚❚❚❚❚•
24	13HtFC...hGzmqz	100C	24	18	235	2253	3556	4772	6	A+	0.0007	10387	0.9787	100	0.2447	❚❚•❚❚❚❚•❚❚•❚❚❚❚❚❚❚❚••❚❚•
25	14uNsk...obuDhw	100C	24	18	181	2250	3076	5242	10	A+	0.0012	10386	0.9784	100	0.2446	❚❚•❚❚❚•❚❚❚❚❚•❚❚•❚•❚❚❚❚•❚
26	pos.dog/1	OTH	24	18	226	2254	3621	4728	14	A+	0.0017	10401	0.9783	3	0.9721	❚❚•❚❚❚❚❚❚❚❚•❚❚•❚❚•❚❚❚•❚•
27	15QPDZ...MrGQVH	OTH	24	18	196	2252	3763	4579	15	A+	0.0018	10391	0.978	0	0.9945	•••❚❚❚❚❚❚❚•❚❚❚•❚❚❚❚❚•❚❚❚
28	15Atw3...xrN4RM	100C	24	18	165	2252	2956	5329	14	A+	0.0017	10385	0.978	100	0.2445	•❚❚❚❚❚❚❚❚••❚❚•❚❚•❚❚❚❚❚❚•
29	14tcr2...RsFs26	100C	24	18	199	2255	3051	5229	10	A+	0.0012	10367	0.978	100	0.2445	❚❚•❚❚•❚❚•❚❚❚❚•❚•❚❚❚❚❚•❚❚
30	1KmtAW...NK4yMx	100C	24	18	244	2258	3154	5238	25	A+	0.003	10416	0.9777	100	0.2444	•❚❚❚❚❚•❚❚❚❚❚•••❚❚❚❚❚❚❚❚•
31	13ippe...u9JMUe	100C	24	18	206	2255	3029	5330	16	A+	0.0019	10362	0.9773	100	0.2443	❚••❚❚❚❚••❚❚❚❚❚❚❚❚❚❚❚••❚❚
32	15M114...uTZAd6	100C	24	18	205	2252	2931	5351	9	A+	0.0011	10332	0.9773	100	0.2443	❚❚❚❚❚❚•❚❚❚❚❚❚❚••❚•••❚❚❚❚
33	Jaco/v05	OTH	24	18	157	2256	3465	4851	20	A+	0.0024	10377	0.9773	1	0.9868	❚❚•••❚❚❚❚❚•❚❚❚❚❚❚❚❚•❚•❚❚
34	14Y6TZ...Vd7A4T	100C	24	18	235	2258	3426	4909	22	A+	0.0026	10383	0.9772	100	0.2443	❚❚❚••❚❚❚•❚❚••❚❚❚❚❚❚❚❚•❚❚
35	pos.dog/7	OTH	24	17	221	2132	3253	4679	10	A+	0.0013	10458	0.9769	3	0.9717	❚❚❚❚••❚❚❚❚❚❚••••❚❚❚❚❚•❚❚
36	16LqQS...QkKF3E	100C	24	18	216	2253	3995	4288	10	A+	0.0012	10311	0.9768	100	0.2442	❚•❚❚•❚••❚❚❚❚❚❚••❚❚❚❚❚❚❚❚
37	13KsAp...Ch7hsX	100C	24	18	212	2254	3064	5219	15	A+	0.0018	10324	0.9766	100	0.2442	❚❚❚❚••❚❚❚❚❚❚❚•❚❚•❚❚❚•❚❚•
38	16aaUs...cj1Qbt	100C	24	18	197	2257	2992	5273	10	A+	0.0012	10301	0.9766	100	0.2441	•❚❚❚❚••❚❚❚❚•❚❚❚❚❚❚❚•❚❚❚•
39	135wKS...BVSZ1R	100C	24	18	179	2255	3257	5028	17	A+	0.002	10326	0.9765	100	0.2441	••❚❚❚❚❚❚❚❚•❚❚❚❚•❚•❚❚❚❚❚•
40	15JmHu...9g1Bgg	100C	24	17	219	2131	2827	5031	10	A+	0.0013	10435	0.9764	100	0.2441	❚❚❚•❚❚❚❚❚•❚❚❚❚❚••••❚❚❚❚•
41	Zug Capital/02	OTH	24	17	235	2131	2928	4944	1	A+	0.0001	10390	0.9763	2.5	0.9753	••❚❚❚❚❚•❚❚❚•❚•❚❚❚❚❚❚•❚❚•
42	15UVN8...nszdQY	100C	24	18	231	2257	3889	4429	32	A+	0.0038	10380	0.9763	100	0.2441	❚❚❚❚••❚•••❚❚❚❚❚•❚❚❚❚❚❚❚❚
43	12HTVp...rJJo6A	100C	24	18	199	2250	2911	5333	18	A+	0.0022	10315	0.9761	100	0.244	❚•❚❚❚❚❚❚❚❚•••❚❚❚•❚❚❚•❚❚❚
44	13dCwi...gikWjK	100C	24	18	213	2250	2867	5417	15	A+	0.0018	10288	0.9759	100	0.244	❚❚❚❚••❚❚❚❚••❚❚❚❚•❚•❚❚❚❚❚
45	12KWfE...yao1YT	100C	24	17	186	2134	2110	5781	14	A+	0.0018	10415	0.9756	100	0.2439	❚❚•❚❚•❚❚•❚•❚❚•❚❚•❚❚❚❚❚•❚
46	pos.dog/2	OTH	24	17	231	2134	2952	4924	13	A+	0.0016	10403	0.9755	3	0.9714	•❚❚❚❚•❚❚•❚❚❚❚❚••❚•❚❚❚❚❚•
47	16ky64...B7LHHR	100C	24	20	213	2513	57	8930	47	A+	0.0052	10108	0.9754	100	0.2438	•❚❚•❚❚❚❚❚❚•❚❚❚❚❚❚•❚❚❚❚❚❚
48	MC | Parallel | Polka Haus	OTH	24	17	256	2129	2938	4905	5	A+	0.0006	10354	0.9752	1	0.9863	•❚❚❚❚•❚❚❚❚❚•❚❚❚❚•❚••❚❚❚•
49	Zug Capital/05	OTH	24	17	216	2128	3690	4125	3	A+	0.0004	10344	0.9752	2.5	0.975	❚•❚❚❚❚❚•❚•❚❚❚❚❚•❚❚❚❚•••❚
50	CP287-CLOUDWALK	OTH	24	17	166	2128	3556	4218	19	A+	0.0024	10398	0.9748	3	0.9712	❚❚•❚❚••❚❚❚❚•❚•❚•❚❚❚❚❚❚❚•
51	15chyQ...98zgFa	100C	24	17	174	2129	3517	4246	12	A+	0.0015	10360	0.9746	100	0.2437	❚❚❚❚❚❚❚❚❚•❚❚••❚❚•❚❚•❚••❚
52	14zcMS...BpBQsE	100C	24	17	183	2131	3121	4724	12	A+	0.0015	10343	0.9743	100	0.2436	❚••❚•❚❚❚••❚❚❚❚❚❚❚❚❚❚•❚❚•
53	13EoWM...UL7Cyb	100C	24	17	169	2128	2602	5246	11	A+	0.0014	10338	0.9743	100	0.2436	❚❚❚❚❚❚•❚•❚❚•❚•❚❚❚❚❚❚❚•••
54	pos.dog/0	OTH	24	17	251	2129	3259	4605	11	A+	0.0014	10332	0.9742	3	0.971	•❚❚❚••❚❚•❚••❚❚•❚❚❚❚❚❚❚❚❚
55	Staking4All 🥩/???	OTH	24	17	190	2130	3133	4699	32	A+	0.0041	10421	0.974	1	0.986	•❚❚❚•❚❚•❚❚❚•❚•❚•❚❚❚❚•❚❚❚
56	15vUnT...fhPyaU	100C	24	18	231	2250	3523	4724	30	A+	0.0036	10266	0.974	100	0.2435	❚❚❚•••❚❚❚❚❚❚•❚❚•❚•❚❚❚❚❚❚
57	15tomn...REmsw2	100C	24	17	207	2128	2774	5061	20	A+	0.0025	10354	0.9738	100	0.2434	❚••❚❚•❚❚❚❚❚❚•❚❚••❚❚❚❚❚•❚
58	1124Rs...t3AB6o	100C	24	16	222	2002	3651	3776	9	A+	0.0012	10442	0.9737	100	0.2434	❚❚❚❚❚❚❚••••❚❚❚❚•••❚❚❚•❚❚
59	Zug Capital/16	OTH	24	16	240	2002	2959	4448	2	A+	0.0003	10406	0.9736	2.5	0.9747	❚❚❚•••❚•❚❚•❚❚❚❚❚❚❚❚••❚•❚
60	14wC1K...boo4CA	100C	24	17	200	2131	2620	5200	15	A+	0.0019	10321	0.9735	100	0.2434	❚❚❚❚❚•❚•❚❚•❚❚•❚❚❚❚❚❚❚•••
61	14JrNR...v4fL33	100C	24	17	171	2128	2817	4996	16	A+	0.002	10325	0.9735	100	0.2434	❚•❚❚❚❚❚•❚•❚❚❚❚•❚❚❚•❚•❚❚•
62	BINANCE_STAKE_6	100C	24	17	172	2135	2850	5071	44	A+	0.0055	10448	0.9735	100	0.2434	❚❚❚•••❚••••❚❚❚❚❚❚❚❚❚❚❚❚❚
63	14PnsL...ZDeppz	100C	24	17	204	2132	2624	5168	11	A+	0.0014	10301	0.9735	100	0.2434	❚❚❚•••❚•❚❚❚❚❚•❚❚❚•❚❚❚❚•❚
64	15VbT8...w57qzp	100C	24	19	173	2379	61	8506	44	A+	0.0051	10152	0.9734	100	0.2434	❚❚❚❚•❚❚❚❚•❚•❚❚❚❚❚❚••❚❚❚❚
65	Zug Capital/18	OTH	24	16	223	2009	2513	4922	8	A+	0.0011	10418	0.9733	2.5	0.9746	❚❚•❚❚❚•❚❚•••❚•❚❚❚❚•❚❚•❚❚
66	15a9RM...W6DLf4	100C	24	17	189	2128	2994	4789	15	A+	0.0019	10295	0.973	100	0.2432	❚•❚❚••❚❚❚❚•❚❚❚❚•❚•❚•❚❚❚❚
67	15QKfr...w5CWnY	100C	24	17	213	2132	2666	5122	24	A+	0.0031	10336	0.973	100	0.2432	••❚❚❚❚❚❚❚•❚❚••❚❚•❚❚❚❚❚•❚
68	126Qit...WVqFGs	100C	24	17	218	2127	2494	5331	18	A+	0.0023	10307	0.973	100	0.2432	••••❚❚❚❚❚❚❚•❚•❚❚❚❚❚❚❚❚•❚
69	138LYm...nt6xpa	100C	24	17	199	2131	2890	4913	21	A+	0.0027	10303	0.9726	100	0.2431	❚❚••❚•❚❚❚❚•❚❚❚❚❚•❚•❚❚❚•❚
70	16mM7Y...eQJAFR	100C	24	17	207	2128	45	7755	32	A+	0.0041	10350	0.9725	100	0.2431	❚•❚❚❚•❚•❚•❚••❚❚❚❚•❚❚❚❚❚❚
71	138jGB...76wuGc	100C	24	16	203	2011	2361	5079	21	A+	0.0028	10433	0.9723	100	0.2431	❚❚❚•❚❚❚•❚❚❚•❚❚•❚❚❚❚•❚•••
72	Zug Capital/08	OTH	24	16	230	1999	2811	4568	2	A+	0.0003	10340	0.9723	2.5	0.9743	❚❚❚❚•❚❚❚❚❚❚❚•❚❚•••❚•❚••❚
73	19wuq9...9mdefC	100C	24	16	207	2000	2737	4677	12	A+	0.0016	10380	0.9721	100	0.243	❚❚❚❚❚•❚••❚•❚••❚❚❚❚••❚❚❚❚
74	1h2JtS...eVzc8T	100C	24	17	165	2123	2901	4817	15	A+	0.0019	10252	0.9721	100	0.243	❚❚❚❚❚❚❚❚•❚•❚❚•❚•❚•❚❚❚•❚•
75	Zug Capital/19	OTH	24	16	237	2010	3418	3948	7	A+	0.0009	10352	0.972	2.5	0.9743	•••❚❚••❚❚❚••❚❚❚❚❚❚❚❚❚❚•❚
76	General-Beck/Laniakea	OTH	24	18	196	2258	301	7859	37	A+	0.0045	10201	0.972	4	0.963	❚❚❚❚❚•❚❚❚❚❚❚•❚••❚❚•❚•❚❚❚
77	PureStake/01	TVP	24	17	254	2130	2622	5206	30	A+	0.0038	10312	0.9719	3	0.9705	❚❚❚❚•❚❚•❚•❚❚❚•❚❚❚❚❚••❚❚•
78	14Fqi7...KhWCFd	100C	24	16	207	1999	2449	4864	12	A+	0.0016	10352	0.9715	100	0.2429	❚❚•❚❚••❚•❚❚❚❚•❚•❚❚•❚•❚❚❚
79	Blockdaemon/7	OTH	24	15	182	1880	3026	3935	5	A+	0.0007	10453	0.9714	3	0.9703	•••❚❚❚❚❚❚❚❚•❚❚❚❚••❚•••❚❚
80	1nTfEE...e6j86s	100C	24	16	241	2003	3269	4162	17	A+	0.0023	10366	0.9713	100	0.2428	•❚•❚❚•••❚❚❚❚❚❚❚•❚❚•❚•❚❚❚
81	12RVY2...dhhujG	100C	24	16	251	2006	3471	3934	14	A+	0.0019	10346	0.9712	100	0.2428	❚•❚❚❚❚❚❚❚❚•❚•❚•❚•❚❚❚••❚•
82	Zug Capital/10	OTH	24	16	232	2006	3734	3614	2	A+	0.0003	10277	0.9709	2.5	0.974	••❚❚••❚❚❚❚❚❚❚❚❚•❚❚••❚•❚❚
83	pos.dog/6	OTH	24	16	224	2004	3335	4019	9	A+	0.0012	10310	0.9709	3	0.9702	••❚❚❚•❚❚•❚•❚•❚••❚❚❚❚❚❚❚❚
84	BINANCE_STAKE_5	100C	24	17	156	2130	3256	4564	58	A+	0.0074	10389	0.9709	100	0.2427	❚❚❚❚❚❚❚••❚❚❚❚❚❚❚❚•❚••❚••
85	Jaco/v06	OTH	24	18	162	2253	3169	5046	58	A+	0.007	10236	0.9709	1	0.9852	••❚•❚❚❚❚•❚❚❚❚❚❚•❚❚•❚❚❚❚❚
86	BINANCE_STAKE_3	100C	24	16	166	2005	2956	4427	39	A+	0.0053	10451	0.9709	100	0.2427	❚❚❚❚••❚❚•❚❚❚❚❚❚❚❚•••❚••❚
87	HYPERSPHERE/5	OTH	24	19	166	2374	1725	6921	103	A	0.0118	10264	0.9708	0.5	0.9889	❚❚❚•❚❚❚❚❚❚••❚•❚❚❚❚❚❚❚❚❚•
88	14E5oi...NFcUpF	100C	24	16	213	2004	2449	4882	12	A+	0.0016	10308	0.9706	100	0.2426	❚••❚❚❚❚❚•❚❚••❚❚❚❚❚❚•••❚❚
89	Jaco/v04	OTH	24	16	195	2006	3101	4333	40	A+	0.0054	10437	0.9705	1	0.9851	❚❚•❚❚❚❚❚•❚❚•❚••❚❚❚❚••❚❚•
90	Jaco/v02	OTH	24	15	193	1883	3346	3553	8	A+	0.0012	10414	0.9702	1	0.9851	•❚❚•••❚❚❚❚❚❚❚❚••❚❚•❚•❚❚•
91	12JZr1...E8uwLo	100C	24	15	178	1878	2666	4259	10	A+	0.0014	10422	0.9702	100	0.2425	❚•••❚•❚•••❚❚❚❚❚•❚❚❚•❚❚❚❚
92	Blockdaemon/2	OTH	24	15	188	1879	2590	4358	8	A+	0.0012	10406	0.9701	3	0.97	❚❚•❚••••❚❚❚❚❚•❚❚❚❚•❚••❚❚
93	binance_stake_1	100C	24	16	157	2003	2844	4506	47	A+	0.0064	10452	0.9701	100	0.2425	••❚❚❚❚❚❚❚•❚❚••❚❚❚❚•❚❚••❚
94	Zug Capital	OTH	24	15	236	1875	2811	4148	4	A+	0.0006	10374	0.9698	2.5	0.9737	❚❚❚❚❚•••❚❚•❚❚••❚❚❚❚❚••❚•
95	13zTxD...dWSvtB	100C	24	15	167	1883	1836	5147	16	A+	0.0023	10434	0.9698	100	0.2425	•••••❚❚•❚❚•❚❚❚❚❚❚❚❚•❚❚•❚
96	15thjf...SNwwQQ	100C	24	15	219	1885	2966	3994	11	A+	0.0016	10405	0.9697	100	0.2424	••❚❚•❚❚❚❚❚•❚••••❚❚❚•❚❚❚❚
97	16GNUa...Q92VxJ	100C	24	15	168	1879	2269	4693	16	A+	0.0023	10426	0.9696	100	0.2424	••••❚•❚❚❚❚❚❚•❚••❚❚•❚❚❚❚❚
98	15MBzb...BWun3M	100C	24	15	204	1881	2588	4316	15	A+	0.0022	10420	0.9696	100	0.2424	❚•❚❚❚❚❚•❚••••❚❚❚❚•❚••❚❚❚
99	Staker Space	OTH	24	15	267	1873	3260	3695	2	A+	0.0003	10352	0.9696	3	0.9699	••❚•❚❚•❚••❚❚❚•❚•❚❚❚❚•❚❚❚
100	14zoBY...kEcCLs	100C	24	15	184	1879	2363	4540	13	A+	0.0019	10408	0.9696	100	0.2424	••❚❚❚❚❚❚•❚••❚❚❚❚❚••••❚❚❚
101	BINANCE_STAKE_13	100C	24	16	187	2006	2951	4488	54	A+	0.0072	10452	0.9694	100	0.2424	••❚❚❚•❚❚❚❚••••❚❚❚❚❚❚•❚❚❚
102	BINANCE_STAKE_12	100C	24	16	162	2000	2954	4434	44	A+	0.0059	10405	0.9694	100	0.2423	❚••❚❚❚•••❚❚•❚••❚❚❚❚❚❚❚❚❚
103	Blockdaemon/3	OTH	24	15	233	1883	2717	4194	9	A+	0.0013	10374	0.9693	3	0.9698	❚❚❚•❚••❚•❚❚••❚❚❚❚•❚❚❚••❚
104	13BjZT...gSHKAT	100C	24	15	207	1882	2332	4616	16	A+	0.0023	10408	0.9693	100	0.2423	••❚❚•❚•❚❚❚•❚❚❚•❚•❚❚❚❚•❚•
105	14uS8A...Qye1KN	100C	24	17	212	2127	51	7703	37	A+	0.0047	10217	0.9692	100	0.2423	❚•❚❚❚❚••❚❚•❚❚❚❚❚❚❚❚❚•❚••
106	Polkadot.pro - Realgar	OTH	24	16	220	2007	3472	3827	13	A+	0.0018	10247	0.9692	1	0.9848	❚❚❚❚❚❚•❚❚••❚❚•❚❚❚❚••❚••❚
107	111B8C...dMyc3S	100C	24	15	204	1881	2239	4731	11	A+	0.0016	10372	0.969	100	0.2423	❚❚❚•❚❚❚••❚❚❚❚❚••❚•❚❚❚•••
108	T-Systems MMS	OTH	24	17	255	2131	33	7708	33	A+	0.0042	10188	0.969	10	0.9173	••❚❚❚❚•❚❚❚••❚❚❚❚❚❚••❚❚❚❚
109	binance_stake_2	100C	24	16	179	2006	2864	4487	47	A+	0.0064	10390	0.9688	100	0.2422	❚•••❚❚•❚❚❚❚❚•❚❚••❚❚❚❚❚❚•
110	Polychain Labs/Validator 01	OTH	24	15	212	1883	2950	3979	15	A+	0.0022	10370	0.9686	20	0.8421	❚❚❚❚❚••❚••❚•❚❚••❚•❚❚❚❚•❚
111	pos.dog/8	OTH	24	15	251	1875	3067	3844	8	A+	0.0012	10333	0.9685	3	0.9696	❚❚❚❚❚❚❚•❚•••❚❚❚❚•••❚❚••❚
112	13KuUi...yQvjAF	100C	24	15	211	1876	2366	4515	11	A+	0.0016	10346	0.9685	100	0.2421	•❚❚❚❚••❚❚❚❚❚❚•❚❚❚❚••❚•••
113	Polychain Labs/Validator 05	OTH	24	20	161	2499	3599	5394	153	A	0.0167	10189	0.9684	20	0.8421	❚❚❚❚❚❚❚❚❚•❚❚•❚❚❚•❚❚❚❚•❚❚
114	1ZhsUE...ybgATT	100C	24	15	194	1883	2463	4451	22	A+	0.0032	10394	0.9683	100	0.2421	❚••❚•••❚••❚••❚❚❚❚❚❚❚❚❚❚❚
115	168FJ5...PCnCKR	100C	24	17	199	2131	56	7650	38	A+	0.0049	10174	0.9682	100	0.2421	•❚❚❚••❚❚••❚❚❚•❚❚❚❚❚•❚❚❚❚
116	15PcFY...4xjjBf	100C	24	15	213	1880	2564	4368	20	A+	0.0029	10366	0.9679	100	0.242	❚❚❚••❚❚•❚•❚❚❚❚•❚❚•••❚•❚❚
117	pos.dog/4	OTH	24	15	221	1880	3257	3630	9	A+	0.0013	10305	0.9678	3	0.9695	•❚•❚❚❚••❚•❚•❚❚❚❚❚❚•❚❚❚••
118	13JuYF...nncGxx	100C	24	15	183	1882	2906	3986	14	A+	0.002	10330	0.9678	100	0.242	❚••❚❚❚••❚❚❚❚❚❚••❚•❚•❚❚•❚
119	BINANCE_STAKE_11	100C	24	15	174	1880	2281	4679	41	A+	0.0059	10466	0.9678	100	0.242	❚❚❚❚••❚❚❚•❚❚•❚❚❚•❚❚•••❚•
120	12y1iX...xRVV4v	100C	24	16	233	2006	101	7236	42	A+	0.0057	10321	0.9678	100	0.2419	❚❚❚•❚••❚❚❚❚❚❚•••❚•❚•❚❚❚❚
121	BINANCE_STAKE_9	100C	24	15	154	1878	3074	3822	35	A+	0.005	10436	0.9678	100	0.2419	•❚••❚❚❚❚•❚❚•❚❚❚❚•❚••❚•❚❚
122	1264tb...z8D2Bw	100C	24	15	204	1878	2775	4139	7	A+	0.001	10269	0.9673	100	0.2418	•❚❚•❚❚❚❚•❚••❚❚❚❚❚•❚❚•••❚
123	13sWHD...Ti1Ahc	100C	24	14	174	1755	2068	4439	20	A+	0.0031	10481	0.9673	100	0.2418	❚❚❚•❚•❚❚••❚❚••••❚❚❚•❚❚•❚
124	Blockdaemon/1	OTH	24	14	221	1755	2893	3587	7	A+	0.0011	10404	0.9672	3	0.9693	❚❚•❚❚❚❚•••❚❚••❚❚•••❚❚❚•❚
125	12BxCy...4mKaYo	100C	24	15	226	1876	2431	4446	9	A+	0.0013	10270	0.9671	100	0.2418	•❚❚•❚••❚••❚❚❚❚❚❚••❚•❚❚❚❚
126	14rquP...yyL2vM	100C	24	15	202	1874	2336	4537	18	A+	0.0026	10298	0.9667	100	0.2417	❚•❚•❚•❚❚•••••❚❚❚•❚❚❚❚❚❚❚
127	13mx7N...csaTf5	100C	24	14	211	1751	2081	4362	9	A+	0.0014	10390	0.9666	100	0.2417	•❚❚•••❚❚❚❚❚❚❚❚•••❚•❚•❚•❚
128	14isBr...fmmqzD	100C	24	15	199	1881	36	6861	30	A+	0.0043	10352	0.9666	100	0.2416	❚❚❚❚•••••❚•❚•❚❚❚❚•❚❚•❚❚❚
129	14CRo9...3BBXkK	100C	24	15	198	1877	2720	4192	43	A+	0.0062	10412	0.9664	100	0.2416	❚❚❚❚•❚❚❚❚•❚••❚❚•❚•❚❚•••❚
130	14Bc4v...xnXxhF	100C	24	15	210	1878	2639	4193	20	A+	0.0029	10288	0.9663	100	0.2416	❚•❚••❚❚❚❚❚❚❚•❚•❚•❚❚•❚❚••
131	16P6nQ...ShjRsi	OTH	24	21	208	2630	3996	5468	211	A	0.0218	10121	0.9661	40	0.6915	❚❚❚❚•❚❚❚❚❚•❚•❚❚❚❚❚❚❚❚❚❚❚
132	16As2B...L1H76P	100C	24	15	209	1873	47	6841	22	A+	0.0032	10276	0.9658	100	0.2415	❚❚❚•❚•❚••❚••❚❚❚•❚•❚❚❚•❚❚
133	13Qsfw...BgXcKN	100C	24	14	250	1757	2719	3726	8	A+	0.0012	10345	0.9658	100	0.2415	••••❚❚❚•❚•❚❚•❚❚❚❚❚❚•••❚❚
134	1F13pZ...bkrAWK	100C	24	14	186	1753	2032	4435	11	A+	0.0017	10345	0.9655	100	0.2414	❚❚•❚❚•❚❚❚❚❚•❚•••❚❚•••❚•❚
135	13p9kJ...Rueo9E	100C	24	16	167	2006	2346	4994	65	A+	0.0088	10318	0.9654	100	0.2414	❚❚•••❚❚••❚❚❚•❚❚❚❚❚•❚•❚❚❚
136	Polychain Labs/Validator 03	OTH	24	16	160	2003	2566	4799	80	A	0.0107	10385	0.9654	20	0.8413	❚❚•❚•❚❚•❚•❚❚•❚❚••❚❚❚❚❚•❚
137	13zYzY...yznpSv	100C	24	14	233	1757	2390	4086	14	A+	0.0022	10352	0.9653	100	0.2413	❚•❚••❚•❚❚•❚•❚❚❚❚••❚❚•❚❚•
138	13EPZE...mGzbiJ	100C	24	17	196	2128	53	7554	43	A+	0.0056	10041	0.9649	100	0.2412	❚❚❚❚•❚❚❚•❚❚•❚❚❚❚❚•❚❚•••❚
139	Blockdaemon/6	OTH	24	13	212	1625	2143	3846	4	A+	0.0007	10412	0.9647	3	0.9687	•••❚❚❚❚❚❚❚•❚•❚••❚❚•❚•❚••
140	Zug Capital/04	OTH	24	13	195	1633	2353	3669	4	A+	0.0007	10410	0.9647	2.5	0.9724	❚•❚❚❚❚•••❚•❚❚••❚••❚•❚❚❚•
141	Joe/V01	OTH	24	16	173	2010	3181	4182	90	A	0.0121	10383	0.9643	1.9	0.9768	❚❚❚❚•❚•❚❚•❚❚❚❚❚❚••❚❚•❚••
142	158Qkc...EBd2LU	100C	24	19	193	2386	71	8129	42	A+	0.0051	9717	0.9643	100	0.2411	❚❚•¿•❚❚❚•❚❚❚❚❚❚❚•❚❚•❚❚❚❚
143	P2P.ORG/9	OTH	24	18	228	2260	3319	4934	138	A	0.0164	10254	0.9642	0.5	0.9873	•❚❚❚❚❚•❚❚❚❚❚❚❚❚•❚•❚❚❚•❚•
144	13NL7w...vBokgT	100C	24	14	236	1754	2651	3795	29	A+	0.0045	10360	0.9637	100	0.2409	•••••❚❚❚❚•❚•❚❚•❚•❚•❚❚❚❚❚
145	13unmJ...N31NsF	100C	24	14	212	1747	2298	4116	12	A+	0.0019	10252	0.9634	100	0.2408	❚•••❚❚❚❚❚❚•❚❚❚•❚•❚•••❚•❚
146	139FVS...q1YvRc	100C	24	14	232	1756	3050	3386	20	A+	0.0031	10294	0.9633	100	0.2408	•❚❚❚❚•❚•❚❚❚••❚•❚••❚❚❚❚••
147	142zbv...965Du6	100C	24	14	220	1754	2441	3952	18	A+	0.0028	10282	0.9633	100	0.2408	❚•❚••❚•❚•❚•❚❚•❚❚❚••❚❚•❚❚
148	🔒stateless_money🔒	OTH	24	17	206	2125	51	7608	68	A+	0.0088	10076	0.9632	5	0.9533	•❚•❚❚❚❚•❚❚❚❚•❚❚❚❚❚•❚•❚•❚
149	126CY1...7R8RkN	100C	24	13	197	1632	2498	3532	13	A+	0.0022	10392	0.9632	100	0.2408	❚❚❚•••❚•❚•❚❚•❚••••❚❚•❚❚❚
150	14DCwC...g5yc5T	100C	24	13	176	1627	1732	4225	7	A+	0.0012	10356	0.9632	100	0.2408	❚•❚•••❚❚••❚•❚❚❚•••❚•❚❚❚❚
151	🐟YellowFin Tuna🐟	OTH	24	15	211	1875	2737	4159	55	A+	0.0079	10317	0.9631	1	0.9833	•❚❚•❚❚❚•❚❚❚•❚•❚❚❚••❚••❚❚
152	BINANCE_STAKE_4	100C	24	14	167	1756	2563	3876	39	A+	0.006	10371	0.9628	100	0.2407	•••❚❚❚❚•❚❚•❚•❚❚••••❚❚❚❚❚
153	168bhP...N4wQiU	100C	24	15	142	1876	2243	4633	66	A+	0.0095	10354	0.9627	100	0.2407	❚•❚•❚❚•❚❚❚•❚❚••❚❚••❚•❚❚❚
154	15oTVr...PhpD1V	100C	24	12	189	1506	1933	3649	10	A+	0.0018	10493	0.9627	100	0.2407	•❚❚❚••••❚❚••❚❚•❚••❚❚•❚❚•
155	12Dwdm...Dd8trq	100C	24	13	190	1624	2059	3949	10	A+	0.0017	10341	0.9625	100	0.2406	•❚••❚❚❚❚•❚••❚•••❚❚❚❚••❚❚
156	14rqNr...8LRcrq	100C	24	14	232	1752	20	6457	31	A+	0.0048	10310	0.9624	100	0.2406	❚❚❚❚❚•❚❚•❚❚•❚•❚•❚•••❚••❚
157	🐠 STAKEFISH/SF-01	OTH	24	15	213	1881	3028	3914	67	A+	0.0096	10342	0.9624	4	0.9606	•❚❚•❚❚❚❚•❚❚••❚••❚❚•❚•❚❚❚
158	P2P.ORG/17	OTH	24	17	234	2127	3143	4621	116	A	0.0147	10229	0.962	0.5	0.9868	❚•••❚❚❚❚•❚❚❚•❚❚•❚❚❚❚•❚❚❚
159	Blockdaemon/0	OTH	24	13	187	1630	2551	3428	7	A+	0.0012	10296	0.9619	3	0.968	••❚•❚•❚❚••❚❚❚•❚❚❚❚••••❚❚
160	✨Zizzle✨/🌠	OTH	12	12	122	1508	2298	3289	0	A+	0	10386	0.9618	5	0.9529	❚❚❚❚❚❚❚❚❚❚❚❚____________
161	P2P.ORG/10	OTH	24	20	213	2509	3315	5667	234	A	0.0254	10162	0.9614	0.5	0.9866	•❚❚❚❚❚❚••❚❚❚❚❚•❚❚❚❚❚❚❚❚❚
162	13e8KM...RkfuQW	100C	24	12	209	1505	1859	3669	8	A+	0.0014	10403	0.961	100	0.2403	••❚❚❚❚❚❚•••❚❚•❚❚•❚•❚••••
163	BINANCE_STAKE_8	100C	24	14	157	1755	2320	4101	57	A+	0.0088	10387	0.961	100	0.2403	❚••❚•❚•❚❚•❚❚❚•❚❚•❚•❚••❚❚
164	dakkk	TVP	18	12	107	1508	1892	3658	12	A+	0.0022	10426	0.961	5	0.9527	❚•❚❚❚❚❚•❚❚••❚❚•❚❚•______
165	13j3xp...3JHP7d	100C	24	15	220	1878	39	6718	38	A+	0.0056	10122	0.9608	100	0.2402	•❚❚❚•❚❚•❚•❚•❚•❚❚••❚❚❚❚❚•
166	15V6Nj...RPCoYS	OTH	24	16	238	2006	70	7135	71	A+	0.0098	10123	0.9606	8	0.9301	❚❚❚❚❚❚❚❚•❚•❚❚•••❚•❚•❚❚•❚
167	P2P.ORG/12	OTH	24	15	230	1875	2688	4176	80	A	0.0115	10268	0.9594	0.5	0.9861	••❚❚•❚•❚❚•❚❚❚•❚❚•❚❚❚•❚❚•
168	Polychain Labs/Validator 07	OTH	12	12	100	1501	2517	2992	14	A+	0.0025	10361	0.9593	20	0.8398	______❚❚❚❚❚❚❚❚❚❚❚❚______
169	P2P.ORG/3	OTH	24	17	219	2132	2713	5055	158	A	0.0199	10283	0.9592	0.5	0.9861	❚❚❚❚•❚❚•❚•❚•❚•❚❚•❚❚•❚❚❚❚
170	13v1KU...qUwdVs	100C	24	14	229	1751	21	6273	25	A+	0.004	10128	0.9592	100	0.2398	❚•❚❚•❚•❚❚••❚•❚•❚•❚❚•❚❚❚•
171	12Bf7t...AqrHJ4	100C	24	14	183	1755	25	6295	33	A+	0.0052	10167	0.9591	100	0.2398	❚❚•❚❚❚❚❚••••❚❚•❚❚•❚❚❚•••
172	15AcyK...v4bfFv	OTH	24	16	239	2003	2558	4752	107	A	0.0144	10215	0.959	40	0.6898	•❚❚❚❚❚•••❚❚❚❚❚❚❚❚❚•❚•••❚
173	synclub-2	100C	24	14	154	1750	2457	3875	41	A+	0.0064	10201	0.9589	100	0.2397	❚❚❚•••❚❚❚❚••❚❚❚❚•❚••❚•❚•
174	Staked/2	OTH	18	14	134	1757	1482	4967	76	A	0.0116	10381	0.9588	10	0.9147	______•❚❚❚❚❚❚❚•❚••❚❚❚❚❚❚
175	Jaco/v03	OTH	24	12	211	1501	1862	3633	12	A+	0.0022	10315	0.9586	1	0.9822	❚•❚•❚❚•❚••••❚•❚•❚❚❚❚•❚••
176	14oxWC...TSN1Cj	100C	24	12	216	1501	1896	3660	12	A+	0.0022	10311	0.9586	100	0.2396	•❚•❚❚❚•••••••❚❚•❚•❚❚❚❚•❚
177	ALESSIO	TVP	12	11	129	1382	2119	2979	3	A+	0.0006	10392	0.9585	3	0.9671	______❚❚❚❚❚❚______❚❚•❚❚❚
178	13rw7b...4szYme	100C	24	12	178	1500	1804	3690	22	A+	0.004	10360	0.9582	100	0.2396	❚❚•❚❚❚•❚❚❚•❚•••••❚••••❚❚
179	BINANCE_STAKE_10	100C	24	12	170	1502	2135	3406	36	A+	0.0065	10446	0.9582	100	0.2395	❚❚••❚••❚❚❚❚❚❚❚❚••••••❚••
180	P2P.ORG/2	OTH	24	17	233	2125	3076	4604	139	A	0.0178	10151	0.9581	0.5	0.9858	❚•❚•❚❚•❚❚•••❚❚❚❚❚❚❚❚❚❚❚•
181	BINANCE_STAKE_7	100C	24	12	156	1500	2083	3490	42	A+	0.0075	10456	0.9576	100	0.2394	•❚•❚❚❚•❚•❚•❚••❚❚•❚❚••❚••
182	14j7Yc...rfhbnt	OTH	24	17	211	2132	2885	4816	155	A	0.0197	10184	0.9573	40	0.6893	•❚❚•❚•❚•❚❚❚••❚❚❚❚❚❚❚❚❚❚•
183	12pv5M...oTuH3D	100C	24	13	135	1629	1409	4507	58	A+	0.0097	10316	0.9559	100	0.239	❚••❚❚•❚••❚••❚•❚❚•❚•❚❚❚❚•
184	12bUkY...N1ujjU	OTH	24	17	206	2130	2965	4724	178	A	0.0226	10218	0.9559	40	0.689	❚❚❚••❚•❚❚❚•❚❚❚❚••❚•❚❚❚❚❚
185	Ryabina/ 2	OTH	24	14	234	1757	18	6213	12	A+	0.0019	9891	0.9558	2	0.9739	❚❚❚❚❚❚•❚•••❚•❚❚❚••❚•❚••❚
186	NeNa 🌻	TVP	12	9	117	1131	1416	2800	3	A+	0.0007	10491	0.9547	3	0.9662	••❚❚❚❚______❚•❚❚❚❚______
187	13mgD5...hpjp5K	100C	24	13	209	1624	37	5822	26	A+	0.0044	10066	0.9546	100	0.2387	••❚❚••❚❚•❚❚❚••❚❚❚•••❚❚•❚
188	1eLUhR...muTatG	100C	24	16	153	2006	62	7076	133	A	0.0183	10086	0.9534	100	0.2384	❚❚❚•❚❚❚❚••❚❚•❚•❚❚❚•❚•❚❚•
189	P2P.ORG/5	OTH	24	18	216	2254	2773	5375	235	A	0.028	10108	0.9524	0.5	0.9844	❚❚❚••❚❚❚❚❚•❚❚❚❚•❚❚•❚❚•❚❚
190	15tu47...eNyKLy	100C	24	12	199	1501	48	5352	37	A+	0.0068	10173	0.9522	100	0.238	❚❚❚❚•❚•❚••❚❚•••••❚•❚•❚❚•
191	143CgB...h2pA4N	100C	24	16	174	2000	43	6785	41	A+	0.006	9585	0.9521	100	0.238	❚❚❚❚•❚••❚❚❚•❚❚•❚❚❚❚•••❚❚
192	Staked	OTH	24	12	182	1507	1248	4250	70	A	0.0126	10376	0.9521	10	0.913	•❚••❚••••❚❚❚❚❚•❚❚❚••❚❚••
193	15vvFZ...pQC2KE	100C	24	16	162	2009	32	7157	174	A	0.0236	10171	0.9512	100	0.2378	❚❚❚•❚❚••❚❚❚•❚❚❚•••❚❚❚•❚❚
194	CoinFund/Grassfed	OTH	24	17	150	2131	2396	5271	232	A	0.0294	10235	0.9511	5	0.9503	❚••❚•❚❚•❚❚❚❚❚❚❚❚•❚•❚❚❚•❚
195	P2P.ORG	OTH	24	17	221	2127	2685	5030	230	A	0.0289	10205	0.9508	0.5	0.984	❚•❚❚❚❚•❚❚•❚❚❚•••❚•❚❚❚❚❚❚
196	P2P.ORG/21	OTH	24	14	198	1754	2044	4317	129	A	0.0199	10247	0.9498	0.5	0.9837	•❚❚••❚❚•❚❚❚••❚••❚❚❚❚❚•❚•
197	1584D6...mNgxfY	100C	24	16	194	1999	63	6678	43	A+	0.0063	9481	0.9497	100	0.2374	•❚❚•❚❚❚••❚❚❚❚❚❚•❚❚❚❚••❚•
198	16FUnn...AjkaZ5	OTH	24	13	183	1631	1577	4158	57	A+	0.0098	10021	0.9496	10	0.9124	•❚•❚❚❚••❚❚•❚•❚•••❚❚❚❚•❚•
199	StakeDOTs.com - by Bison Trails	OTH	24	17	149	2133	80	7542	220	A	0.0281	10069	0.9487	35	0.7247	❚❚•❚❚❚❚❚•❚•❚❚❚❚❚❚❚•❚•❚••
200	1wcx1M...EKqay6	100C	24	12	178	1502	2091	3408	92	A	0.0165	10338	0.9484	100	0.2371	•❚❚❚❚❚❚•••❚•••❚❚•❚❚••❚••
201	ANAMIX	TVP	18	8	167	1004	1639	2088	10	A+	0.0027	10385	0.9481	3	0.9645	______•❚❚❚••❚••••❚❚•❚••❚
202	15PJA4...zekn1L	100C	24	14	184	1756	2381	3950	132	A	0.0204	10184	0.948	100	0.237	•❚❚••❚••❚❚❚❚❚•❚❚•❚•❚❚❚••
203	12DsYU...rCK4rn	OTH	24	15	202	1884	2538	4258	178	A	0.0255	10212	0.9477	40	0.6869	❚❚•❚❚•❚❚•❚❚❚❚❚•••❚❚❚❚•••
204	12pgR5...jGwNHL	100C	24	15	169	1879	40	6694	156	A	0.0226	10096	0.9474	100	0.2369	❚❚•❚•❚❚❚•❚❚❚❚❚••❚❚❚❚••••
205	CHAINFLOW	TVP	12	8	95	1007	1772	1873	4	A+	0.0011	10295	0.9474	3	0.9643	______•❚❚❚••______•❚❚❚❚❚
206	openbitlab	TVP	12	8	74	1001	1260	2446	13	A+	0.0035	10372	0.9472	5	0.9493	______•❚❚❚••______❚❚❚•❚❚
207	ZKValidator/ZKValidator 2	OTH	24	18	185	2252	33	7576	150	A	0.0193	9506	0.9463	8	0.9266	❚•❚❚❚❚¿•❚•❚•❚❚❚❚❚❚••❚❚❚❚
208	12xedM...cJvfRB	OTH	24	13	227	1629	2338	3561	121	A	0.0201	10141	0.9445	40	0.6861	❚•❚❚❚•❚•❚❚•❚••••••❚❚❚•❚❚
209	Genesis Lab	TVP	6	6	55	753	888	1897	4	A+	0.0014	10433	0.9442	3	0.9635	______❚❚❚❚❚❚____________
210	STAKE.SU/validator	TVP	6	5	50	628	1061	1265	4	A+	0.0017	10532	0.9431	0	0.9858	__________________❚❚❚❚•❚
211	ilgio	TVP	12	8	101	1004	1267	2417	44	A	0.0118	10465	0.9429	5	0.9482	❚❚•❚❚❚______❚❚•❚••______
212	hirish	TVP	12	9	89	1130	21	4024	25	A+	0.0061	10106	0.9425	5	0.9481	____________❚❚•❚•❚•❚❚❚❚❚
213	15omhU...t9F72d	100C	24	15	238	1877	3007	3675	186	A	0.0271	9948	0.941	100	0.2353	❚••❚❚❚•❚•❚❚❚•❚••❚❚•❚•❚❚❚
214	P2P.ORG/6	OTH	24	13	220	1625	2174	3712	162	A	0.0268	10189	0.9405	0.5	0.9814	❚•••❚❚❚•❚•❚•❚❚❚❚••••❚❚•❚
215	124YFX...x8TJ2W	OTH	24	17	142	2134	58	7493	294	A	0.0375	9992	0.94	8	0.925	❚❚❚❚•❚❚•❚❚••❚❚❚•❚❚❚❚••❚❚
216	snf dot validator	TVP	6	5	52	626	842	1472	1	A+	0.0004	10332	0.9399	5	0.9475	❚❚•❚❚❚__________________
217	🧊 Iceberg Nodes 🧊/V1	TVP	6	5	53	626	955	1343	4	A+	0.0017	10372	0.9398	5	0.9474	❚❚❚❚•❚__________________
218	ARCHIPEL/ARCHIPEL VALIDATOR 1	TVP	6	6	54	749	695	2072	9	A+	0.0032	10263	0.9393	3	0.9623	______❚❚❚❚❚❚____________
219	13Q5v2...sZKaMc	100C	24	17	161	2130	36	7270	234	A	0.031	9721	0.9391	100	0.2348	•❚❚❚❚•❚❚❚•❚•❚❚❚❚❚•❚❚❚•❚•
220	Figment/1	OTH	24	13	216	1626	1658	4215	166	A	0.0275	10143	0.939	10	0.9097	❚❚••❚❚❚❚❚••❚•❚•••❚•❚❚•❚•
221	Staker Space/2	TVP	6	5	42	626	859	1466	17	A+	0.0073	10516	0.9386	3	0.9622	______❚❚❚•❚❚____________
222	Figment	OTH	24	15	209	1879	2145	4522	233	A	0.0338	10066	0.9385	10	0.9096	❚••❚•❚•❚❚❚❚•❚••❚❚•❚•❚❚❚❚
223	P2P.ORG/15	OTH	24	12	229	1501	2039	3370	145	A	0.0261	10200	0.9383	0.5	0.9808	❚•••❚❚❚••❚❚❚••❚••❚•••❚❚❚
224	POLKACHU.COM	TVP	6	3	28	377	622	782	3	A+	0.0021	10540	0.9372	0	0.9843	__________________❚••❚❚•
225	finalbits	TVP	6	5	66	629	849	1443	13	A+	0.0056	10380	0.937	3	0.9617	______❚❚❚•❚❚____________
226	1652xa...Xo9T7d	OTH	24	18	162	2258	1671	6277	368	A	0.0443	9933	0.9366	10	0.9091	❚•❚❚•••❚❚❚❚❚❙❚❚❚❚❚❚•❚❚❚•
227	CryptoLab 01	TVP	6	6	46	750	967	1802	30	A	0.0107	10396	0.9364	3	0.9616	❚❚❚❚❚❚__________________
228	SAXEMBERG	TVP	6	5	45	626	967	1351	16	A+	0.0069	10376	0.936	1.99	0.9691	______❚❚❚•❚❚____________
229	ONDIN	TVP	12	5	125	630	765	1532	7	A+	0.003	10232	0.9358	5	0.9465	❚•••••______❚❚❚•❚•______
230	14Abui...xKXBmg	OTH	24	14	148	1758	27	6169	215	A	0.0335	10042	0.9352	12	0.8938	❚❚••❚❚•❚••❚•❚❚❚•❚•❚❚•❚❚•
231	1bAVKR...eHSTYj	OTH	24	13	211	1632	2237	3605	193	A	0.032	10124	0.9352	40	0.6838	❚❚❚❚••❚❚•❚❚•❚•••••❚•❚❚•❚
232	synclub-1	100C	6	5	47	626	745	1550	20	A+	0.0086	10400	0.9352	100	0.2338	❚❚❚❚❚•__________________
233	14omEr...SgtGfX	100C	24	13	181	1626	55	5312	50	A+	0.0092	9304	0.935	100	0.2338	❚•❚❚❚••❚❚•¿•••❚❚❚•❚•❚•❚•
234	COSMOON	OTH	6	4	57	500	811	1032	8	A+	0.0043	10375	0.935	5	0.9462	____________❚❚•❚•❚______
235	Khastor/K1	TVP	6	5	38	628	807	1495	23	A+	0.0099	10428	0.9348	3	0.9612	__________________❚•❚❚❚❚
236	✨👍✨ Day7 ✨👍✨	TVP	6	4	70	501	728	1094	3	A+	0.0016	10270	0.9348	3	0.9612	____________•❚❚❚•❚______
237	ALGO | STAKE/CERULEAN ONE	TVP	6	4	43	500	421	1398	6	A+	0.0033	10315	0.9345	3	0.9611	__________________❚•❚❚❚•
238	hsinchu	TVP	6	4	64	502	772	1039	10	A+	0.0055	10380	0.9342	3	0.961	______❚❚•❚❚•____________
239	EVERSTAKE/EVERSTAKE 2	TVP	6	4	62	501	864	971	6	A+	0.0033	10295	0.9341	3	0.961	____________•❚•❚❚❚______
240	P2P.ORG/4	OTH	24	13	179	1628	1895	3943	189	A	0.0314	10041	0.9339	0.5	0.9797	❚••❚•••❚•❚•❚❚❚•❚❚•❚•❚❚❚•
241	NewOmegaValidator	OTH	6	4	70	502	20	1835	6	A+	0.0032	10285	0.9339	3	0.961	__________________❚❚❚❚••
242	16hzCD...gLe5ib	100C	24	15	222	1878	19	6010	71	A	0.0116	9056	0.9339	100	0.2335	❚❚•❚❚❚••❚•❚•❚❚•❚••❚❚❚❚•❚
243	Uno Staking	TVP	6	4	43	501	635	1169	18	A+	0.0099	10480	0.933	5	0.9457	••❚❚❚❚__________________
244	Legiojuve/Legiojuve	TVP	6	5	54	624	1244	1025	6	A+	0.0026	10076	0.9329	3	0.9607	__________________❚❚❚❚•❚
245	Polkadot.pro - Realgar/LUCKY	TVP	6	4	51	499	891	937	7	A+	0.0038	10250	0.9327	5	0.9457	❚•❚•❚❚__________________
246	AURORA STAKING/1	TVP	6	2	43	250	349	597	3	A+	0.0032	10490	0.9324	5	0.9456	__________________❚••••❚
247	RockX_Polkadot	OTH	24	16	172	2007	1953	5089	326	A	0.0442	10012	0.9324	10	0.9081	❚❚❚•❚❚❚❚••❚❚•❚•❚❚❚❚••❚❚•
248	PromoTeam Validator	TVP	6	5	54	624	1124	1102	3	A+	0.0013	9960	0.9314	3	0.9603	____________❚❚❚❚❚•______
249	HashQuark	TVP	6	4	54	503	30	1809	13	A+	0.007	10255	0.9304	3	0.9601	____________❚•❚•❚❚______
250	Vires in Numeris/1	TVP	6	4	40	499	602	1243	21	A	0.0113	10390	0.9301	5	0.945	•❚❚•❚❚__________________
251	Dionysus🍇	TVP	6	5	47	627	29	2206	15	A+	0.0067	10056	0.9294	1	0.9749	____________❚❚•❚❚❚______
252	Mile	TVP	12	11	82	1377	60	4794	142	A	0.0284	9992	0.9293	1	0.9748	❚❚•❚❚❚______❚❚❚❚❚❚______
253	P2P STAKING/01	TVP	6	3	52	378	14	1344	3	A+	0.0022	10133	0.9285	3	0.9596	•❚•❚•❚__________________
254	14jr3c...wP9LAz	100C	24	17	146	2132	42	7334	389	B+	0.0501	9889	0.9283	100	0.2321	•❚❚❚❚❚❚••❚❚•❚•❚❚❚❚❚••❚❚❚
255	Polychain Labs/Validator 02	OTH	12	5	68	627	731	1563	44	A	0.0188	10420	0.9279	20	0.832	••❚•❚•____________❚••❚❚•
256	Masternode24🔱//24	TVP	6	4	57	501	636	1170	17	A+	0.0093	10190	0.9273	3	0.9593	__________________❚❚❚•❚•
257	DRAGONSTAKE 🐲/01	TVP	6	5	59	626	653	1614	33	A	0.0143	10228	0.9273	1	0.9743	______❚❚❚❚•❚____________
258	Sonder Validation/1	TVP	6	4	40	500	449	1370	33	A	0.0178	10350	0.9243	5	0.9436	__________________❚•❚❚•❚
259	16DH4p...fm2DYi	100C	24	14	160	1747	1692	4541	336	B+	0.0511	10100	0.9232	100	0.2308	❚❚••❚•••••❚❚❚❚❚••❚❚❚❚❚•❚
260	16fPzN...bu4sJA	100C	24	15	118	1883	1343	5260	387	B+	0.0554	9978	0.9204	100	0.2301	❚❚❚❚••••❚•••❚❚•❚❚❚•❚❚❚❚❚
261	14gPzp...ACR8NX	100C	24	18	159	2250	777	7008	509	B+	0.0614	9771	0.9203	100	0.2301	•❚❚•••❚❚❚❚••❚❚❚❚❚❚❚❚❚❚❚❚
262	1yGJ3h...ktiAmq	100C	24	12	162	1503	38	5219	257	A	0.0466	9963	0.9179	100	0.2295	•❚••❚❚❚❚❚••❚❚••••❚❚•❚•❚•
263	16VVhE...1vWF9J	100C	24	10	207	1250	26	4024	63	A	0.0153	9082	0.9171	100	0.2293	••❚•❚❚❚❚••¿❚••••••❚•❚❚••
264	14z7xj...78J3cQ	100C	24	17	135	2127	125	7170	501	B+	0.0643	9736	0.9145	100	0.2286	❚•❚❚❚❚❚•❚•❚❚❚❚•❚•••❚❚❚❚❚
265	14abtG...g7kURB	100C	24	21	166	2630	95	8439	590	B+	0.0647	9184	0.9143	100	0.2286	❚❚❚❚•❚❚❚❚❚❚❚•❚❚❚•❚❚❚❚❚❚❚
266	13BN4W...2KkQpP	OTH	24	16	156	2009	34	6520	332	A	0.0482	9243	0.9133	8	0.9183	•❚❚••❚❚•❚•❚•❙❚•❚❚❚❚❚❚❚•❚
267	13mhUn...FooDiF	100C	24	15	122	1882	12	6367	369	B+	0.0547	9605	0.9131	100	0.2283	•❚❚❚•••❚•❚❚•❚❚•❚•❚❚•❚❚❚❚
268	138shU...LVVMH1	100C	24	16	139	2006	24	6802	442	B+	0.0608	9666	0.9127	100	0.2282	❚❚❚❚❚•❚••❚❚❚❚•❚❚••❚❚•❚•❚
269	🏢 MIDL.dev/[1] bit.ly/become-a-validator	TVP	6	3	42	374	264	1077	33	A	0.024	10120	0.9119	3	0.9555	____________••❚❚•❚______
270	CertHum MaxStake/V01	TVP	6	5	47	624	572	1669	78	A	0.0336	10164	0.9115	2.99	0.9554	❚❚•❚❚❚__________________
271	ETHICAL VALIDATORS 0	TVP	6	5	36	625	65	2142	66	A	0.029	9924	0.9099	1	0.97	•❚❚❚❚❚__________________
272	13YDN2...RgxhNz	100C	24	15	165	1878	25	6016	303	A	0.0478	9154	0.9088	100	0.2272	•❚❚•❚❚¿•❚❚❚•❚•••❚•❚•❚❚❚❚
273	1RqhgL...J4jShw	100C	24	18	162	2259	32	7532	579	B+	0.0711	9510	0.9075	100	0.2269	•❚❚••❚❚❚❚❚❚❚•❚•❚❚❚❚❚❚❚•❚
274	14U9uA...JLZmsz	100C	24	14	165	1758	83	5842	370	B+	0.0588	9572	0.9064	100	0.2266	••••❚•❚❚❚❚•❚•❚❚❚❚❚••❚❚❙•
275	1FKf1e...7N2KeQ	100C	24	17	154	2128	29	7271	580	B+	0.0736	9658	0.9059	100	0.2265	❚❚••❚❚❚••❚❚❚••❚❚❚❚❚❚❚•❚❚
276	14j9Wz...P6r367	100C	24	20	146	2508	64	8290	720	B+	0.0793	9436	0.9056	100	0.2264	❚❚❚❚❚❚❚❚❚❚❚•❚❚•❚❚❚❚❚❚•❚•
277	***** ***/🚀	TVP	6	5	46	628	496	1749	98	A	0.0418	10120	0.9044	3	0.9536	•❚❚❚❚❚__________________
278	1exKbD...AdoBzv	100C	24	14	160	1758	17	5898	376	B+	0.0598	9510	0.9044	100	0.2261	•❚❚•❚❚❚❚❚•❚••❚•❚❚•❚❚❚•••
279	15ANfa...X11pzM	100C	24	15	161	1875	17	6324	454	B+	0.0668	9562	0.9031	100	0.2258	❚❚••❚••❚❚❚❚❚❚❚❚••❚❚•❚❚••
280	16eybS...yCoieB	100C	24	18	174	2258	47	7073	458	B+	0.0604	8903	0.9028	100	0.2257	•❚❚❚¿•❚❚❚•••❚❚❚❚•❚❚❚❚❚❚❚
281	SNZPool-1	OTH	24	13	151	1625	1353	4317	417	B+	0.0685	9864	0.9023	1	0.9681	❚❚❚❚❚•❚❚❚•••••❚•❚❚•❚••❚•
282	1ZjP48...hXwZim	100C	24	17	157	2126	13	7154	604	B+	0.0777	9574	0.901	100	0.2253	❚•❚❚❚❚❚❚❚•❚•❚❚❚❚❚•❚❚❚•••
283	14zy72...SiS3ti	100C	24	17	183	2130	48	7110	612	B+	0.0788	9475	0.8981	100	0.2245	❚❚❚•❚❚❚•❚❚•❚❚•❚❚❚❚❚•❚❚••
284	15zGK5...Vz7DYg	100C	24	17	124	2127	22	7168	632	B+	0.0808	9544	0.8981	100	0.2245	❚❚❚•❚❚❚❚❚❚❚•❚••❚•❚❚❚❚•❚•
285	13N2Np...sFmuhd	100C	24	15	163	1878	14	6283	496	B+	0.073	9516	0.8975	100	0.2244	❚❚•❚❚❚❚❚❚••❚•❚❚❚❚••❚❚•••
286	13p1j6...zmPma8	100C	24	17	167	2127	34	7092	619	B+	0.0799	9442	0.8966	100	0.2241	❚❚❚❚❚❚•❚❚•❚•❚❚••❚❚❚❚❚•❚•
287	1YguHo...NWyC3X	100C	24	18	163	2255	35	7434	678	B+	0.0832	9396	0.8961	100	0.224	❚❚❚❚❚❚•❚❚•❚❚❚❚❚❚••❚❚••❚❚
288	1ewM9m...fUr4pc	100C	24	17	144	2128	68	6704	504	B+	0.0693	9036	0.896	100	0.224	❚•❚••❚•❚❚❚•❚❚❚❚❚❚❚❚❚❚❚••
289	1qHrBu...pCK1jR	100C	24	15	157	1877	23	6301	507	B+	0.0742	9489	0.896	100	0.224	•❚••❚•❚•❚•❚❚❚❚❚❚❚❚•❚••❚❚
290	🔥Vertex🔥/1	TVP	12	7	88	876	30	3005	164	B+	0.0513	9771	0.8958	3	0.9515	______••❚❚•❚______❚❚❚•❚•
291	15ikBt...pSQuv2	100C	24	13	118	1634	28	5483	428	B+	0.0721	9641	0.895	100	0.2237	❚❚•❚•❚❚•❚•❚••••❚❚❚••❚•❚❚
292	13NFKR...2YspLV	100C	24	19	168	2378	109	7434	626	B+	0.0766	8969	0.8949	100	0.2237	❚❚❚•❚❚❚❚❚❚❚❚••❚❚❚❚•❚❚•❚❚
293	12ZEQA...cT8u23	100C	24	20	169	2500	3241	5154	877	B+	0.0946	9460	0.8947	100	0.2237	❚❚❚❙❚❚❚❚••❚❚❚❚❚•❚❚❚❚•❚❚❚
294	12sVtn...GCJ7aW	100C	24	18	156	2253	40	6946	513	B+	0.0684	8796	0.8946	100	0.2236	❚❚•¿•❚❚•❚❚❚❚❚❚❚❚❚••❚•❚❚❚
295	135hDL...KfZzP5	100C	24	16	127	2006	38	6617	581	B+	0.0803	9392	0.8923	100	0.2231	❚❚❚❚••❚•❚❚••❚❚•❚❚❚❙❚••❚❚
296	13xZTj...q5LpnG	100C	24	16	146	2004	81	6576	656	B+	0.0897	9475	0.887	100	0.2218	❚••❚•❚•❚❚❚❚❚❚•❚❚❚•❚❚••❚❚
297	Legos/X	TVP	6	1	50	124	7	445	25	B+	0.0524	10060	0.8835	3	0.9484	__________________•••••❚
298	1yHLcB...2gC826	100C	24	14	140	1756	35	5783	555	B+	0.0871	9485	0.8834	100	0.2208	❚•❚••❚❚❚❚•❚❚❚••❚❚•••❚•❚❚
299	Stakin/1	OTH	6	4	29	503	695	1051	105	B+	0.0567	9780	0.8832	0	0.9708	____________❚❚❚•❚•______
300	153cat...XCsGCY	100C	24	13	160	1620	18	5340	482	B+	0.0825	9366	0.8814	100	0.2203	❚•••❚••❚•❚•❚❚•❚••❚❚❚❚❚•❚
301	15uQdw...cEndzs	100C	24	13	152	1630	89	5326	511	B+	0.0862	9458	0.8805	100	0.2201	❚❚❚❚•••❚•❚❚•❚❚••❚•❚❚•••❚
302	13x7Pb...gzqpVY	100C	24	14	155	1749	42	5698	564	B+	0.0895	9257	0.8768	100	0.2192	❚•••❚•❚❚•❚•❚❚•❚❚❚•❚•❚❚•❚
303	1KgwVb...BRUtQv	100C	24	17	152	2123	15	6595	664	B+	0.0913	8785	0.8743	100	0.2186	❚❚•••❚•❚❚❚¿❚❚❚❚❚•❚•❚❚❚•❚
304	14JUa7...cZmCqE	100C	24	16	200	2008	2519	4125	790	B	0.1063	9301	0.8709	100	0.2177	!❚•¿•❚❚•❚❚•❚❚❚•••❚•❚❚❚❚❚
305	12WmM9...rbZFW4	OTH	24	18	175	2254	20	7255	904	B	0.1105	9130	0.87	8	0.9075	❚❚•❚❚❚•••❚❚•❚❚❚❚•❚❚❚❚¿❙❚
306	NEWDEAL	TVP	12	8	88	1002	587	2785	357	B+	0.0957	9477	0.8592	5	0.9273	______❚❚❚❚❚❚______❚••••❚
307	13Ybj8...ncHGzc	100C	24	17	228	2128	1251	5604	941	B	0.1207	9047	0.8577	100	0.2144	❚¿❚❚•¿•❚•❚❚❚❚❚❚•❚❚❚❚••❚•
308	16Fwe1...35nwc8	100C	24	19	184	2382	43	7237	1014	B	0.1223	8691	0.8549	100	0.2137	❚❙❙❚❚❚¿❚❚❚•❚•❚❚❚❚•❚❚•❚•❚
309	1A2ATy...xGvCho	OTH	24	14	152	1758	26	5517	738	B	0.1175	8977	0.8499	8	0.9025	❚••❚❚❚•❚••❚❚❚•❚❚❚❚••❚❚••
310	1jZqir...2ufbyN	100C	24	16	141	1996	22	5961	872	B	0.1272	8447	0.8373	100	0.2093	❚❚❚❚•¿❚••❚❚❚❚••❚❙❚•❚•❚❚•
311	15rQD4...BVzCjf	100C	24	18	173	2257	14	6856	1375	B	0.1668	8632	0.8173	100	0.2043	•❚❚•❚❚•••❙❙❙•❚❚❚❚❙❚❚❚❚❙❚
312	Eric/BladeRunner	TVP	12	7	100	879	57	2630	417	B	0.1343	8688	0.8108	3	0.9302	______••••❚❚______❚❚❚¿•❚
313	🐰_.-【 CRYPTIDS 】-._🐰/FRANK	TVP	12	9	84	1130	707	2764	608	B	0.1491	8706	0.8059	2	0.9365	______❚•••❚❚❚❚❚❚❙❙______
314	Current/1	OTH	24	13	168	1625	39	4527	815	B	0.1515	7960	0.8001	1	0.9425	❙••❚❚¿•❙•❚❚❚••❙•❚••❚••❚❚
315	129o9r...iZovBd	100C	24	13	159	1630	37	4872	1019	B	0.1719	8530	0.7968	100	0.1992	•••❚••••❚❙•❙❚❚❚❙••❙❚•❚❙❚
316	Ruby-Node💎	TVP	12	9	76	1125	1253	2142	724	B	0.1758	8684	0.7854	3	0.9239	•❙❘❚❙❚______❚••❚❚❚______
317	1HDgY7...pKUKFw	100C	24	14	160	1753	14	5092	1336	C+	0.2074	8281	0.7678	100	0.192	•❚❚❚•❙••❙❚❚•••❚❙❙❚••❚•❙❙
318	148ADE...ZzRBpQ	100C	24	19	150	2381	2147	4575	2064	C+	0.2349	7968	0.7552	100	0.1888	❘•❚•❚•❚!❚❚❚❙•❚!❘¿❚•❚❚❚❚!
319	144Qov...NT2Zzd	100C	24	10	107	1253	1047	2365	1212	C+	0.2621	7694	0.7028	100	0.1757	•❚❚❚•••❚❚••❙•••❚•!•••!!•
320	12ECDE...ogGrMZ	OTH	24	16	188	2006	25	5194	2143	C+	0.2911	7343	0.6912	8	0.8628	❚••❚••❙❘❙❙•❚•❙❚❘❙❚••❘❙❙❙
321	1dquPs...joNWpZ	100C	24	18	137	2260	1672	4151	2535	C	0.3033	7258	0.6861	100	0.1715	❚❚❘!¿❙¿❚❚¿❘••❚•❙❚••❚❚•❚❙
322	14oRE6...LfEyRZ	100C	24	11	192	1377	519	3095	1434	C+	0.2841	7385	0.6828	100	0.1707	❚❚•❚•••❚•❚•❚•❘¿¿••❚••••!
323	16d9XU...Rvfcvc	100C	24	19	159	2377	24	4972	3057	C	0.3796	5996	0.6053	100	0.1513	•❘❘❚❘¿❚❘❙❙❙❙•❘•❚❙❘❙•!❘•❘
324	15VJJi...X6uMZN	100C	24	18	114	2252	1555	3470	3254	C	0.393	6313	0.5989	100	0.1497	!❙•❚•¿•❚•❘❚❚•❚¿❙❚•¿❚!❚!!
325	162Dme...iY2wXz	100C	24	18	105	2259	2141	2540	3497	D+	0.4276	5798	0.5622	100	0.1405	•¿!❚••❚❚❘!❚•❚❙¿!••❚❚!!❚!
326	1CKUGh...KC219S	100C	24	16	142	2001	1850	2026	3438	D+	0.4701	5428	0.5168	100	0.1292	❚•!❙❙!•❚❚••!!❚❙!!¿•••!•!
327	12MqEB...XAycM2	100C	24	14	176	1754	40	3212	2901	D+	0.4715	5260	0.5063	100	0.1266	❙•••¿❙❙•❙!❘❘❙••❘❘•••❘•!❙
328	1W7neF...GheLbD	100C	24	14	201	1751	33	2448	3920	F	0.6124	3982	0.3738	100	0.0934	•❘••!•❘❘❙•❙❘••❘!•!•!!•!!
329	12BJ7E...f4WGiS	100C	24	15	90	1885	1386	1240	4246	F	0.6179	3921	0.3713	100	0.0928	¿❚•!•❘!•¿•!•¿•!❚••❘•¿❚!❚
330	15rq7G...Yy2dyY	100C	24	19	218	2382	9	2840	5817	F	0.6712	3387	0.3317	100	0.0829	❘!•❘•❘!!•!!!!!¿!•!•!❘❘!❘
331	BLOCK AEGIS/1	TVP	6	5	52	626	233	534	1513	F	0.6636	3432	0.2976	3	0.8019	______❘!!•!!____________
332	12GTt3...PvxbUZ	100C	24	16	247	2007	3	1561	5689	F	0.7844	2162	0.2124	100	0.0531	!•!•••!!¿!!!•!❘•¿!•!!•!!
333	12HFym...n1XMrj	OTH	24	19	236	2375	4	1688	6526	F	0.7941	1970	0.2098	8	0.7425	!!!¿¿!!!•••!•!!!!!!!!!!•
334	andreita-validator-0	TVP	6	5	41	624	263	259	1751	F	0.7703	2360	0.195	5	0.7613	____________❚¿¿¿¿•______



	——
	onet v0.9.17
