	📮 Validators Performance Insights Report for Polkadot from 788 // 4764 to 791 // 4787
	56941 blocks recorded from #11375269 to #11432210

#	Validator	Subset	Active Sessions	P/V Sessions	❒	↻	✓i	✓e	✗	Grade	MVR	Avg. PPTS	Score	Commission (%)	Commission Score	Timeline
1	16LqQS...QkKF3E	100C	24	21	228	2631	4088	5649	7	A+	0.0007	10393	0.9881	100	0.247	❚❚❚❚❚❚❚❚❚•❚•❚❚•❚❚❚❚❚❚❚❚❚
2	pos.dog/0	OTH	24	21	257	2629	4238	5508	14	A+	0.0014	10412	0.9879	3	0.9745	❚❚❚❚❚❚❚❚❚•❚❚❚❚❚❚•❚❚❚❚•❚❚
3	Blockdaemon/1	OTH	24	21	205	2615	3926	5720	19	A+	0.002	10320	0.9859	3	0.974	•❚❚❚•❚❚❚•❚❚❚❚❚❚❚❚❚❚❚❚❚❚❚
4	14rquP...yyL2vM	100C	24	21	214	2620	3218	6452	21	A+	0.0022	10307	0.9856	100	0.2464	❚❚❚❚❚❚❚•❚❚•❚❚•❚❚❚❚❚❚❚❚❚❚
5	13AtGS...SX1yDR	100C	24	21	231	2614	3346	6240	21	A+	0.0022	10305	0.9855	100	0.2464	••❚❚❚❚❚❚❚❚❚❚❚❚❚❚❚•❚❚❚❚❚❚
6	pos.dog/1	OTH	24	20	243	2498	3868	5395	18	A+	0.0019	10338	0.9833	3	0.9733	❚❚❚•❚•❚❚❚❚❚❚❚•❚❚❚❚❚❚•❚❚❚
7	14Y6TZ...Vd7A4T	100C	24	20	216	2495	3893	5326	25	A+	0.0027	10329	0.9826	100	0.2457	❚❚❚•❚❚❚❚❚❚❚❚❚•❚❚❚❚•❚•❚❚❚
8	pos.dog/2	OTH	24	19	227	2372	4066	4706	10	A+	0.0011	10383	0.9818	3	0.9729	❚❚❚❚❚••❚••❚❚❚❚❚❚❚•❚❚❚❚❚❚
9	15apjb...8WAaKP	100C	24	20	222	2488	3758	5361	13	A+	0.0014	10200	0.9814	100	0.2453	❚❚❚❚•❚❚❚❚❚❚❚❚❚❚❚❚❚•••❚❚❚
10	12y1iX...xRVV4v	100C	24	21	230	2625	140	9368	51	A+	0.0053	10200	0.9814	100	0.2453	❚•❚❚❚❚❚•❚❚❚•❚❚❚❚❚❚❚❚❚❚❚❚
11	12EZem...SDfWd2	100C	24	19	173	2375	2588	6179	14	A+	0.0016	10374	0.9813	100	0.2453	❚❚❚❚❚❚❚❚❚❚❚❚❚••❚❚❚•❚❚❚••
12	15tomn...REmsw2	100C	24	19	209	2370	2849	5899	7	A+	0.0008	10329	0.9811	100	0.2453	❚❚❚❚•❚❚•❚❚•❚❚❚❚•❚❚•❚❚❚❚❚
13	BINANCE_STAKE_12	100C	24	20	167	2497	3525	5678	59	A+	0.0064	10396	0.981	100	0.2453	❚❚❚❚❚❚•❚❚❚❚❚❚❚❚❚•❚❚•❚❚•❚
14	13ippe...u9JMUe	100C	24	19	212	2371	2868	5879	14	A+	0.0016	10354	0.981	100	0.2452	❚❚••❚❚❚❚❚❚❚❚❚❚❚❚❚❚❚•❚••❚
15	pos.dog/10	OTH	24	19	205	2371	4161	4602	13	A+	0.0015	10346	0.9809	3	0.9727	❚•❚❚❚❚❚❚❚••❚•❚❚❚❚❚❚❚❚❚•❚
16	15DDuw...o6bYbq	100C	24	20	232	2489	2867	6222	16	A+	0.0018	10187	0.9809	100	0.2452	❚❚❚❚❚❚❚❚❚•❚❚❚❚❚❚❚•❚•❚•❚❚
17	pos.dog/7	OTH	24	18	251	2254	3612	4805	7	A+	0.0008	10480	0.9808	3	0.9727	❚❚❚•❚❚❚❚❚❚❚❚•❚❚❚•❚••❚•❚❚
18	14JUa7...cZmCqE	100C	24	18	211	2256	3700	4708	6	A+	0.0007	10448	0.9803	100	0.2451	•❚❚❚❚❚•❚❚❚❚❚❚❚❚❚••❚••❚❚❚
19	Polychain Labs/Validator 01	OTH	24	19	202	2376	3934	4833	13	A+	0.0015	10306	0.9802	20	0.8451	❚❚❚❚•❚❚❚❚❚••❚•❚❚❚•❚❚❚❚❚❚
20	14uNsk...obuDhw	100C	24	18	211	2246	3155	5207	11	A+	0.0013	10448	0.9799	100	0.245	❚❚❚❚•❚❚••❚•❚•❚❚❚❚❚•❚❚❚❚❚
21	13NL7w...vBokgT	100C	24	19	231	2378	3427	5371	32	A+	0.0036	10373	0.9798	100	0.2449	•❚❚❚❚❚•❚❚❚❚•❚❚❚❚❚❚❚❚❚••❚
22	14DCwC...g5yc5T	100C	24	19	193	2374	3225	5473	10	A+	0.0011	10254	0.9796	100	0.2449	❚•❚❚❚❚❚❚❚❚❚•❚❚•❚❚❚❚•❚❚❚•
23	12HTVp...rJJo6A	100C	24	19	178	2362	3075	5596	12	A+	0.0014	10258	0.9795	100	0.2449	❚❚•❚❚❚❚❚❚❚•❚❚•❚•❚❚•❚❚❚❚❚
24	Legiojuve/Legiojuve	TVP	24	19	230	2366	3635	5057	10	A+	0.0011	10243	0.9794	3	0.9723	❚❚❚❚•❚❚❚❚❚❚•❚❚•❚❚❚•❚❚❚❚•
25	14oxWC...TSN1Cj	100C	24	18	199	2258	2409	5952	15	A+	0.0018	10438	0.9793	100	0.2448	❚❚❚❚•❚❚❚❚•••❚❚❚❚❚❚❚••❚❚❚
26	pos.dog/9	OTH	24	18	278	2248	3973	4359	8	A+	0.001	10376	0.9789	3	0.9722	❚❚❚❚❚❚❚❚❚❚••❚❚❚•❚•❚❚❚❚••
27	168Qoo...vVuMhm	100C	24	18	179	2247	2660	5621	10	A+	0.0012	10366	0.9785	100	0.2446	•❚❚❚❚❚•❚❚❚❚•❚❚❚❚•❚❚❚••❚❚
28	14wC1K...boo4CA	100C	24	18	211	2241	2892	5453	19	A+	0.0023	10400	0.9783	100	0.2446	❚❚❚•••❚❚❚•❚•❚❚❚❚❚•❚❚❚❚❚❚
29	Blockdaemon/5	OTH	24	18	197	2237	3379	4876	10	A+	0.0012	10345	0.9782	3	0.972	❚❚❚❚❚•❚❚•❚❚•❚❚•❚❚••❚❚❚❚❚
30	12woCF...bV9tDy	100C	24	18	242	2249	3441	4872	14	A+	0.0017	10360	0.9781	100	0.2445	•❚❚❚❚❚❚❚❚❚❚•❚❚❚••❚•❚❚•❚❚
31	12KWfE...yao1YT	100C	24	18	211	2246	2493	5820	12	A+	0.0014	10336	0.9779	100	0.2445	❚❚❚❚•❚•❚❚❚❚❚•❚❚❚❚•❚•❚❚•❚
32	19wuq9...9mdefC	100C	24	18	220	2246	2981	5308	19	A+	0.0023	10364	0.9777	100	0.2444	••❚❚❚❚❚❚❚❚•❚❚❚•❚•❚❚❚❚❚❚•
33	Zug Capital/10	OTH	24	18	224	2250	3671	4549	6	A+	0.0007	10288	0.9776	5	0.9569	••❚•❚❚❚❚❚❚•❚❚❚❚❚•❚❚❚❚❚•❚
34	MC | Parallel | Polka Haus	OTH	24	18	244	2234	3186	5046	0	A+	0	10248	0.9774	1	0.9869	••❚❚❚•❚❚❚❚❚••❚❚❚❚❚❚❚•❚❚❚
35	139FVS...q1YvRc	100C	24	18	219	2247	3469	4791	19	A+	0.0023	10347	0.9774	100	0.2443	❚❚❚❚••••❚•❚❚❚❚❚❚❚•❚❚❚❚❚❚
36	12eA9g...eautfX	100C	24	18	234	2251	3216	5074	22	A+	0.0026	10340	0.977	100	0.2443	❚❚❚❚❚❚❚❚❚•❚❚❚••❚••❚❚❚❚•❚
37	pos.dog/3	OTH	24	18	190	2241	3294	4944	12	A+	0.0015	10287	0.977	3	0.9718	•❚❚❚❚❚•❚❚•❚•❚❚❚❚❚❚❚❚❚••❚
38	15QKfr...w5CWnY	100C	24	18	235	2237	2833	5442	16	A+	0.0019	10305	0.977	100	0.2442	❚❚❚❚•❚❚••❚❚•❚❚•❚❚❚•❚❚❚❚❚
39	15thjf...SNwwQQ	100C	24	18	207	2238	3628	4619	18	A+	0.0022	10310	0.9769	100	0.2442	❚•❚❚❚❚❚❚❚•❚❚•❚❚❚❚❚•❚•❚•❚
40	binance_stake_1	100C	24	19	166	2356	3480	5227	58	A+	0.0066	10332	0.9768	100	0.2442	•❚❚••❚❚❚❚❚❚❚❚•❚❚❚❚❚❚•❚❚❚
41	14tcr2...RsFs26	100C	24	17	196	2126	2347	5501	7	A+	0.0009	10418	0.9767	100	0.2442	❚❚❚•❚❚❚❚❚❚❚❚❚❚•❚❚•••❚•❚•
42	binance_stake_2	100C	24	18	195	2249	3387	4950	40	A+	0.0048	10407	0.9766	100	0.2441	❚❚❚❚❚•❚••❚•❚❚❚•❚❚❚❚❚•❚❚❚
43	12Dwdm...Dd8trq	100C	24	17	210	2123	2421	5493	10	A+	0.0013	10417	0.9765	100	0.2441	❚❚••❚❚•❚•❚•••❚❚❚❚❚❚❚❚❚❚❚
44	CP287-CLOUDWALK	OTH	24	17	200	2122	3727	4092	3	A+	0.0004	10378	0.9764	3	0.9716	❚❚❚❚❚••❚•❚•❚❚❚❚❚❚❚•❚❚❚••
45	12JZr1...E8uwLo	100C	24	17	167	2117	3359	4456	12	A+	0.0015	10420	0.9763	100	0.2441	❚•❚❚❚❚❚❚❚❚❚❚•❚❚••••❚❚❚❚•
46	15QPDZ...MrGQVH	OTH	24	17	189	2111	3587	4285	10	A+	0.0013	10384	0.9759	0	0.994	❚❚•❚❚❚❚❚❚❚❚❚❚❚••❚❚❚••❚••
47	14PnsL...ZDeppz	100C	24	17	201	2123	2246	5619	16	A+	0.002	10414	0.9758	100	0.244	❚❚❚❚•❚❚❚•❚❚❚•❚❚•••❚❚❚•❚❚
48	🐟YellowFin Tuna🐟	OTH	24	18	238	2239	3223	5081	24	A+	0.0029	10268	0.9756	1	0.9864	•❚••❚❚❚•❚❚❚❚❚❚❚❚❚❚❚❚•❚❚•
49	15vUnT...fhPyaU	100C	24	18	194	2248	3656	4647	33	A+	0.004	10315	0.9756	100	0.2439	❚❚❚❚❚❚❚❚❚••❚❚•❚❚❚••❚❚❚❚•
50	12VYdJ...nzPtAL	100C	24	17	233	2121	2457	5393	12	A+	0.0015	10369	0.9754	100	0.2439	❚••❚❚❚❚❚•❚❚❚❚•❚❚❚•❚••❚❚❚
51	Blockdaemon/3	OTH	24	17	173	2121	3086	4759	11	A+	0.0014	10363	0.9754	3	0.9714	❚❚❚••❚❚❚❚•❚❚❚❚❚•❚❚••❚❚•❚
52	12BxCy...4mKaYo	100C	24	18	231	2231	3058	5134	10	A+	0.0012	10182	0.9754	100	0.2438	❚•❚❚❚❚❚•❚❚❚•❚•❚❚❚❚•❚❚•❚❚
53	BINANCE_STAKE_6	100C	24	18	166	2248	2866	5468	62	A+	0.0074	10451	0.9754	100	0.2438	❚❚❚❚❚❚❚❚❚❚❚•❚•❚••❚❚•❚•❚❚
54	15UVN8...nszdQY	100C	24	18	197	2251	3602	4686	39	A+	0.0047	10330	0.9753	100	0.2438	❚❚❚❚❚❚❚❚•❚••❚•❚❚❚❚❚••❚❚❚
55	1124Rs...t3AB6o	100C	24	17	223	2126	3787	4066	7	A+	0.0009	10324	0.9751	100	0.2438	❚❚❚•❚❚❚•❚❚❚•❚❚•❚•❚•❚•❚❚❚
56	1nTfEE...e6j86s	100C	24	16	265	2006	3226	4221	7	A+	0.0009	10495	0.9751	100	0.2438	•❚•❚❚❚❚❚❚•❚•❚❚❚❚•❚••❚❚•❚
57	1ZhsUE...ybgATT	100C	24	17	198	2129	2682	5170	19	A+	0.0024	10387	0.9751	100	0.2438	❚❚❚❚❚❚••❚•••❚❚❚•❚❚❚❚❚❚❚•
58	12Bf7t...AqrHJ4	100C	24	19	217	2369	57	8452	28	A+	0.0033	10078	0.975	100	0.2437	❚❚❚•••❚•❚❚•❚❚❚❚❚❚❚❚❚❚❚❚❚
59	PureStake/01	TVP	24	17	222	2119	2851	4940	3	A+	0.0004	10284	0.9748	3	0.9712	❚••❚❚•❚❚••❚•❚❚❚❚❚❚❚❚❚❚•❚
60	synclub-2	100C	24	17	183	2127	2289	5597	41	A+	0.0052	10482	0.9746	100	0.2437	••❚•❚••❚❚❚❚❚❚❚❚❚•❚•❚❚❚❚❚
61	16GNUa...Q92VxJ	100C	24	17	162	2124	3218	4593	8	A+	0.001	10297	0.9746	100	0.2436	•❚❚❚❚❚❚❚•❚•❚••❚•❚❚❚❚•❚❚❚
62	13Ybj8...ncHGzc	100C	24	17	234	2123	1094	6715	10	A+	0.0013	10307	0.9746	100	0.2436	❚❚••❚•❚•❚❚❚❚•❚•❚❚❚❚❚❚•❚❚
63	1KmtAW...NK4yMx	100C	24	17	251	2124	3220	4617	18	A+	0.0023	10347	0.9745	100	0.2436	❚❚❚❚❚•❚•❚❚❚❚❚❚•❚•••❚•❚❚❚
64	Staker Space	OTH	24	16	280	1997	3460	3975	3	A+	0.0004	10425	0.9743	3	0.9711	❚❚•❚❚❚••❚❚•❚••❚❚❚❚❚❚❚•❚•
65	126CY1...7R8RkN	100C	24	17	198	2118	3031	4785	18	A+	0.0023	10330	0.9742	100	0.2435	❚❚•❚❚❚❚•❚•❚•❚•❚•❚❚❚❚❚❚❚•
66	Joe/V01	OTH	24	19	165	2371	3767	4934	93	A	0.0106	10350	0.9742	1.9	0.9793	❚❚•❚••❚❚❚❚❚❚❚❚❚•❚❚❚❚❚•❚❚
67	13dCwi...gikWjK	100C	24	17	201	2114	2814	4952	13	A+	0.0017	10291	0.974	100	0.2435	•❚❚❚❚❚❚•❚••❚❚❚❚❚❚❚•❚•❚•❚
68	pos.dog/5	OTH	24	16	209	2010	3078	4388	8	A+	0.0011	10435	0.974	3	0.971	❚❚❚❚❚❚❚••❚••❚❚❚••❚❚❚❚❚••
69	168FJ5...PCnCKR	100C	24	19	203	2379	73	8438	42	A+	0.0049	10086	0.9739	100	0.2435	❚•❚❚❚❚•❚❚❚❚❚•❚•❚❚❚❚❚❚•❚❚
70	138LYm...nt6xpa	100C	24	17	191	2117	2874	4898	16	A+	0.0021	10291	0.9737	100	0.2434	•❚❚❚•❚❚❚❚•❚❚❚••❚❚•❚❚❚❚•❚
71	Blockdaemon/4	OTH	24	16	181	1996	3166	4224	10	A+	0.0014	10430	0.9737	3	0.9709	❚❚❚❚❚❚❚•❚•❚•❚❚•❚❚•••❚•❚❚
72	BINANCE_STAKE_13	100C	24	18	150	2234	3007	5227	57	A+	0.0069	10313	0.9734	100	0.2433	❚❚•❚❚❚❚❚•❚❚❚❚❚•❚❚•❚❚•❚•❚
73	12pv5M...oTuH3D	100C	24	19	173	2366	2866	5654	69	A+	0.008	10192	0.9734	100	0.2433	•❚❚❚❚•❚❚❚❚❚❚❚•❚•❚❚❚❚❚❚•❚
74	P2P.ORG/2	OTH	24	18	253	2248	3340	4937	69	A+	0.0083	10352	0.973	0.5	0.9895	❚❚❚❚❚•❚❚❚❚❚•❚❚•❚••❚❚❚❚•❚
75	135wKS...BVSZ1R	100C	24	16	199	2005	2508	4888	13	A+	0.0018	10403	0.9729	100	0.2432	❚❚❚❚❚•••❚❚❚❚•❚❚•❚••❚❚❚•❚
76	Blockdaemon/6	OTH	24	16	197	1995	3049	4379	11	A+	0.0015	10383	0.9728	3	0.9707	•❚•❚••❚•❚•❚❚❚❚❚❚❚❚•❚•❚❚❚
77	P2P.ORG/17	OTH	24	18	211	2246	3369	4965	73	A+	0.0087	10357	0.9728	0.5	0.9894	❚❚•❚❚❚❚❚❚•❚❚••❚❚❚❚❚❚•❚•❚
78	13j3xp...3JHP7d	100C	24	19	210	2366	68	8430	55	A+	0.0064	10068	0.9725	100	0.2431	❚❚❚❚❚•❚•❚❚•❚❚❚•❚•❚❚❚❚❚❚❚
79	13KsAp...Ch7hsX	100C	24	16	198	2000	2742	4629	11	A+	0.0015	10357	0.9723	100	0.2431	❚❚•❚❚•❚••❚❚•❚❚❚❚❚❚••❚•❚❚
80	13e8KM...RkfuQW	100C	24	16	210	1990	2303	5025	6	A+	0.0008	10327	0.9723	100	0.2431	•❚••••❚❚•❚❚❚❚❚❚❚•❚•❚❚❚❚❚
81	14das6...9n8VDV	100C	24	17	231	2115	2249	5464	9	A+	0.0012	10161	0.9722	100	0.243	❚❚❚❚❚❚•❚❚•❚•❚❚•❚❚❚••❚❚❚•
82	13BjZT...gSHKAT	100C	24	16	226	2000	2457	4926	13	A+	0.0018	10347	0.972	100	0.243	❚❚❚•❚•❚•❚❚❚❚❚❚•••••❚❚❚❚❚
83	Blockdaemon/2	OTH	24	16	192	1999	3185	4166	10	A+	0.0014	10322	0.9718	3	0.9705	•❚••❚❚•❚❚•❚❚❚❚•❚•❚❚❚❚❚❚•
84	16ky64...B7LHHR	100C	24	18	188	2250	47	8012	42	A+	0.0052	10146	0.9718	100	0.243	❚❚❚❚❚❚•❚•❚❚❚❚❚•❚•❚•❚❚❚•❚
85	14VWEJ...rnmqFd	100C	24	16	247	1998	2983	4405	20	A+	0.0027	10372	0.9717	100	0.2429	•❚❚❚•❚❚•❚•❚❚•❚❚•❚❚❚❚••❚❚
86	13p9kJ...Rueo9E	100C	24	18	177	2249	3177	5003	72	A+	0.0087	10293	0.9717	100	0.2429	•❚•❚❚❚❚❚••❚❚❚❚•❚❚•❚❚❚❚❚❚
87	14E5oi...NFcUpF	100C	24	16	193	1992	2421	4908	14	A+	0.0019	10330	0.9716	100	0.2429	❚•••❚❚•❚❚❚❚❚❚•❚❚❚•❚•❚❚•❚
88	15Atw3...xrN4RM	100C	24	16	166	1990	2057	5240	14	A+	0.0019	10317	0.9713	100	0.2428	❚❚❚❚❚•••❚❚•❚❚❚••❚❚❚❚••❚❚
89	16mM7Y...eQJAFR	100C	24	17	213	2119	55	7666	29	A+	0.0037	10224	0.9713	100	0.2428	❚❚❚❚❚❚•❚❚❚•❚••❚•❚•❚❚❚•❚❚
90	BINANCE_STAKE_8	100C	24	17	170	2117	2909	4894	60	A+	0.0076	10382	0.9711	100	0.2428	•❚••❚❚••❚❚•❚❚❚❚•❚❚❚❚❚❚❚❚
91	14CRo9...3BBXkK	100C	24	17	182	2127	2979	4860	63	A+	0.008	10397	0.9711	100	0.2428	❚❚•••❚❚❚❚❚❚❚❚•❚❚❚❚•❚•❚❚•
92	Polychain Labs/Validator 03	OTH	24	17	139	2125	2538	5340	72	A+	0.0091	10442	0.971	20	0.8428	❚❚❚❚•❚❚••❚❚••❚•❚❚❚❚❚❚•❚❚
93	Jaco/v06	OTH	24	17	207	2117	2836	4921	43	A+	0.0055	10284	0.971	1	0.9852	•❚❚❚❚❚❚❚❚❚••••❚❚❚❚•❚❚•❚❚
94	14Fqi7...KhWCFd	100C	24	16	183	1996	2465	4883	22	A+	0.003	10340	0.9709	100	0.2427	•❚•❚❚❚•❚❚•❚❚•❚❚••❚•❚❚❚❚❚
95	13zTxD...dWSvtB	100C	24	16	241	1993	2063	5258	14	A+	0.0019	10283	0.9708	100	0.2427	❚•❚❚•❚❚•❚•❚❚❚❚❚❚•❚•❚•❚•❚
96	Jaco/v03	OTH	24	15	190	1879	2414	4499	7	A+	0.001	10406	0.9706	1	0.9852	❚❚•❚••❚❚•❚❚••❚❚❚•❚❚•❚❚•❚
97	15chyQ...98zgFa	100C	24	16	165	1991	2572	4743	23	A+	0.0031	10312	0.9703	100	0.2426	❚•❚••❚•❚•❚❚❚•❚❚❚❚•❚❚❚❚•❚
98	Jaco/v04	OTH	24	17	208	2118	3238	4548	49	A+	0.0063	10270	0.9702	1	0.985	❚••❚❚•❚❚❚❚•❚❚❚❚•❚❚❚❚•❚❚•
99	13EoWM...UL7Cyb	100C	24	16	190	1981	2662	4667	16	A+	0.0022	10261	0.9702	100	0.2425	❚❚❚•••❚••❚•❚•❚❚•❚❚❚❚❚❚❚❚
100	158Qkc...EBd2LU	100C	24	17	188	2124	51	7665	42	A+	0.0054	10220	0.97	100	0.2425	❚•❚❚❚❚❚❚❚❚•❚❚❚❚•❚❚••••❚❚
101	Zug Capital/02	OTH	24	15	211	1867	3239	3697	2	A+	0.0003	10333	0.9699	5	0.955	❚❚•❚❚•❚❚❚❚•❚❚❚••••❚❚❚•❚•
102	142zbv...965Du6	100C	24	15	220	1876	2449	4434	4	A+	0.0006	10338	0.9698	100	0.2424	•❚❚•❚❚❚❚❚❚•••❚❚•••❚❚❚❚❚•
103	15tu47...eNyKLy	100C	24	17	223	2126	66	7649	41	A+	0.0053	10185	0.9695	100	0.2424	•❚•❚❚•❚•❚•❚❚❚❚❚❚❚❚❚❚••❚❚
104	Zug Capital/18	OTH	24	15	226	1873	2868	4067	5	A+	0.0007	10325	0.9695	5	0.9549	•❚❚•❚❚❚•❚•❚❚❚❚❚❚•❚•❚•❚••
105	Jaco/v05	OTH	24	15	157	1868	2926	3966	9	A+	0.0013	10342	0.9693	1	0.9848	❚•❚•❚❚❚❚•❚•❚❚•❚••❚•❚❚❚❚•
106	BINANCE_STAKE_3	100C	24	16	171	1999	3090	4226	39	A+	0.0053	10335	0.9691	100	0.2423	••❚••❚❚•❚❚❚❚❚❚❚•❚•❚❚❚•❚❚
107	15M114...uTZAd6	100C	24	15	202	1863	2856	3986	2	A+	0.0003	10285	0.9691	100	0.2423	••❚❚❚❚❚•❚•❚❚•❚❚❚❚••❚❚••❚
108	14zcMS...BpBQsE	100C	24	15	185	1872	2420	4436	16	A+	0.0023	10368	0.969	100	0.2422	❚❚•❚❚•❚•❚❚❚••❚❚❚❚❚❚••❚••
109	13mgD5...hpjp5K	100C	24	16	204	1995	60	7239	29	A+	0.004	10241	0.9685	100	0.2421	••❚❚•❚❚❚❚❚•❚•❚❚❚❚•❚•❚•❚❚
110	Jaco/v01	OTH	24	15	218	1862	3254	3632	7	A+	0.001	10282	0.9685	1	0.9846	❚❚❚❚❚❚•❚•••❚❚❚••❚❚•❚•❚❚•
111	BINANCE_STAKE_10	100C	24	15	195	1876	2637	4289	33	A+	0.0047	10438	0.9684	100	0.2421	•••❚••❚•❚•❚❚❚❚❚•❚❚❚❚❚❚❚•
112	pos.dog/4	OTH	24	15	209	1865	3197	3655	5	A+	0.0007	10256	0.9683	3	0.9696	•❚❚❚••❚❚•❚❚••❚••❚❚❚•❚❚❚❚
113	pos.dog/6	OTH	24	15	184	1874	2853	4029	11	A+	0.0016	10290	0.9682	3	0.9696	❚❚❚❚❚❚••❚❚•••••❚•❚❚❚•❚❚❚
114	BINANCE_STAKE_7	100C	24	15	169	1871	3052	3793	21	A+	0.0031	10306	0.9674	100	0.2418	❚••❚•••❚❚❚❚❚•❚❚❚••❚❚❚❚•❚
115	T-Systems MMS	OTH	24	16	228	2005	44	7263	35	A+	0.0048	10206	0.9673	10	0.9168	••❚❚❚❚❚❚•❚❚❚•❚•❚❚❚•❚❚❚••
116	16FUnn...AjkaZ5	OTH	24	17	151	2119	1670	6034	82	A	0.0105	10277	0.9671	10	0.9168	❚❚❚•❚••❚❚❚•❚❚•❚❚••❚❚❚❚❚❚
117	14Bc4v...xnXxhF	100C	24	15	184	1863	2790	4063	14	A+	0.002	10225	0.9668	100	0.2417	❚•❚❚••❚❚❚❚❚❚❚•••❚❚••❚❚•❚
118	15oTVr...PhpD1V	100C	24	14	201	1749	2312	4155	18	A+	0.0028	10405	0.9664	100	0.2416	❚❚•❚❚••❚•❚•❚•❚••❚❚❚•❚❚•❚
119	BINANCE_STAKE_4	100C	24	15	162	1867	2727	4128	47	A+	0.0068	10410	0.9663	100	0.2416	•❚❚❚❚❚••••❚❚❚•❚❚❚❚•❚••❚❚
120	16aaUs...cj1Qbt	100C	24	15	179	1861	2769	4012	11	A+	0.0016	10173	0.9662	100	0.2415	❚•❚❚❚•••❚❚❚••❚❚❚❚❚❚•❚•❚•
121	16hzCD...gLe5ib	100C	24	17	200	2127	26	7651	71	A+	0.0092	10162	0.9662	100	0.2415	❚❚❚❚•❚•❚❚❚❚❚•❚❚••❚❚❚❚••❚
122	1h2JtS...eVzc8T	100C	24	15	181	1865	2716	4017	12	A+	0.0018	10177	0.9661	100	0.2415	❚❚❚•❚••❚❚❚••❚❚❚❚•❚❚❚❚•••
123	12eZSM...PZPjcR	100C	24	15	173	1877	1918	4955	46	A+	0.0066	10380	0.9659	100	0.2415	❚❚••❚•❚••❚❚❚•❚❚•❚❚❚•❚•❚❚
124	14zoBY...kEcCLs	100C	24	14	219	1746	2254	4209	10	A+	0.0015	10318	0.9658	100	0.2414	•••❚❚❚❚•❚•••❚❚❚❚❚•❚❚••❚❚
125	14j7Yc...rfhbnt	OTH	24	20	200	2499	3201	5864	202	A	0.0218	10182	0.9658	40	0.6914	❚❚❚❚❚•❚❚❚❚❚❚❚❚❚•❚❚•❚•❚❚❚
126	P2P.ORG/12	OTH	24	16	223	1998	2764	4595	74	A	0.01	10340	0.9657	0.5	0.9877	❚❚•❚❚•❚❚•••❚❚❚❚❚❚••❚❚•❚❚
127	13zYzY...yznpSv	100C	24	14	229	1751	2568	3884	10	A+	0.0015	10304	0.9656	100	0.2414	❚❚•❚❚•❚❚❚••••❚❚❚••❚•❚•❚❚
128	Polychain Labs/Validator 07	OTH	18	13	207	1629	2562	3520	6	A+	0.001	10443	0.9654	20	0.8414	______•❚•❚❚❚❚❚•❚❚❚❚•❚•❚❚
129	126Qit...WVqFGs	100C	24	14	194	1742	2133	4312	14	A+	0.0022	10320	0.9654	100	0.2413	❚❚❚❚•❚••❚•❚❚•❚•❚•❚•❚❚❚••
130	13sWHD...Ti1Ahc	100C	24	14	218	1746	2227	4196	19	A+	0.0029	10338	0.9651	100	0.2413	❚•❚❚•❚❚•❚❚❚❚❚••❚•❚••❚❚••
131	1xsSvZ...5UXJYE	100C	24	14	180	1747	2215	4158	11	A+	0.0017	10278	0.965	100	0.2412	•❚❚❚❚•❚❚❚•❚••••❚❚•••❚❚❚❚
132	13JuYF...nncGxx	100C	24	13	194	1628	2305	3692	10	A+	0.0017	10443	0.9649	100	0.2412	❚•❚❚•❚❚❚•❚••❚•❚••••❚❚❚❚•
133	STAKE.SU/validator	TVP	18	13	173	1620	2726	3263	4	A+	0.0007	10395	0.9649	0	0.9912	❚❚❚❚•❚❚••❚❚❚❚••❚❚❚______
134	15PcFY...4xjjBf	100C	24	14	216	1741	2200	4210	14	A+	0.0022	10287	0.9648	100	0.2412	••❚•❚❚❚•❚••❚❚•❚❚❚••❚❚❚❚•
135	Blockdaemon/0	OTH	24	13	194	1629	2049	3949	5	A+	0.0008	10393	0.9647	3	0.9687	••••❚❚••••❚❚❚•❚❚❚•❚•❚❚❚❚
136	1264tb...z8D2Bw	100C	24	14	232	1747	2393	4008	15	A+	0.0023	10288	0.9647	100	0.2412	❚❚•••❚❚❚•❚••❚❚•❚❚•❚❚•❚•❚
137	13v1KU...qUwdVs	100C	24	16	220	1982	30	7184	46	A+	0.0063	10118	0.9646	100	0.2412	❚•❚❚❚•❚•❚❚•❚❚••❚❚❚•❚•❚❚❚
138	14uS8A...Qye1KN	100C	24	16	204	1999	72	7151	43	A+	0.0059	10093	0.9645	100	0.2411	❚❚•❚••❚❚❚•❚❚•❚❚❚••❚❚❚❚•❚
139	P2P.ORG/15	OTH	24	17	197	2120	2906	4828	107	A	0.0136	10257	0.9644	0.5	0.9874	•••❚❚❚❚❚••❚❚❚•❚•❚❚❚❚❚❚❚❚
140	13Qsfw...BgXcKN	100C	24	14	236	1741	2863	3474	11	A+	0.0017	10244	0.9644	100	0.2411	❚•••❚❚❚••❚•••❚❚❚❚❚❚❚•❚❚•
141	pos.dog/8	OTH	24	13	206	1623	2305	3719	13	A+	0.0022	10423	0.9642	3	0.9686	•❚❚••❚❚❚❚•❚❚❚•❚••••❚•❚❚•
142	13HtFC...hGzmqz	100C	24	13	215	1622	2673	3340	1	A+	0.0002	10321	0.964	100	0.241	❚••❚❚•❚❚•❚❚•❚••••❚❚❚❚••❚
143	🐠 STAKEFISH/SF-01	OTH	24	16	222	1992	2641	4698	80	A	0.0108	10271	0.9639	4	0.961	•❚•❚❚❚❚❚•❚❚•❚•❚•❚❚❚❚••❚❚
144	143CgB...h2pA4N	100C	24	15	172	1866	44	6741	38	A+	0.0056	10197	0.9636	100	0.2409	❚•••❚❚❚••❚❚❚❚❚❚••❚❚❚•❚•❚
145	Mark Crince DOT control/MC1	TVP	18	13	190	1614	2452	3552	12	A+	0.002	10375	0.9635	5	0.9534	______❚❚••❚❚❚•❚❚❚•❚❚❚•❚❚
146	1F13pZ...bkrAWK	100C	24	13	195	1624	2617	3364	7	A+	0.0012	10329	0.9634	100	0.2408	•••❚•❚❚•❚❚❚❚❚❚•••••❚❚❚❚•
147	16P6nQ...ShjRsi	OTH	24	17	202	2129	3219	4517	114	A	0.0145	10232	0.9633	40	0.6908	❚❚❚❚❚❚❚••❚••❚•❚❚•❚❚❚❚❚•❚
148	BINANCE_STAKE_9	100C	24	14	164	1750	2564	3831	44	A+	0.0068	10400	0.9632	100	0.2408	••❚•❚❚•••❚❚❚•❚❚❚❚❚•❚•❚•❚
149	13mx7N...csaTf5	100C	24	13	215	1620	2157	3823	9	A+	0.0015	10335	0.9632	100	0.2408	•❚•❚•❚❚❚•❚❚❚❚•❚••❚❚•••❚•
150	168bhP...N4wQiU	100C	24	14	178	1748	2235	4185	37	A+	0.0057	10344	0.9631	100	0.2408	•❚•❚❚❚•❚•❚•❚•❚❚❚•••❚❚•❚❚
151	12xedM...cJvfRB	OTH	24	17	205	2123	2976	4775	109	A	0.0139	10187	0.9631	40	0.6908	❚❚❚•❚❚•❚••❚❚❚❚•❚••❚❚❚❚❚❚
152	16As2B...L1H76P	100C	24	15	208	1871	55	6690	28	A+	0.0041	10097	0.963	100	0.2408	❚❚❚•❚❚❚❚❚❚❚••❚••❚❚••❚•❚•
153	BINANCE_STAKE_5	100C	24	13	152	1631	2186	3855	42	A+	0.0069	10527	0.9624	100	0.2406	❚••❚••••❚•❚❚•❚•••❚❚❚❚❚❚❚
154	Staking4All 🥩/???	OTH	24	14	197	1745	2277	4102	34	A+	0.0053	10270	0.9622	1	0.983	❚❚•❚❚❚•❚•••❚❚❚❚•••❚•❚❚❚•
155	13KuUi...yQvjAF	100C	24	12	204	1498	1802	3735	8	A+	0.0014	10415	0.9617	100	0.2404	••❚••••❚❚❚••❚•❚❚❚•❚❚••❚❚
156	Ryabina/ 2	OTH	24	14	211	1756	17	6328	15	A+	0.0024	10104	0.9615	2	0.9754	❚•❚••❚❚❚•❚❚❚•❚•❚❚❚••❚••❚
157	15VbT8...w57qzp	100C	24	14	194	1749	61	6269	27	A+	0.0042	10168	0.9612	100	0.2403	••❚❚❚❚••❚❚•❚❚••❚❚•❚•❚•❚❚
158	Ernst Kints/01	TVP	18	12	181	1503	2610	2907	1	A+	0.0002	10325	0.9611	5	0.9528	______❚❚❚❚❚❚•❚❚••❚❚❚•❚••
159	P2P.ORG/10	OTH	24	19	217	2367	3024	5514	204	A	0.0233	10143	0.9611	0.5	0.9865	❚❚❚❚❚❚❚❚•❚•❚❚❚❚•❚❚❚❚•❚❚•
160	openbitlab	TVP	18	12	96	1504	2361	3157	16	A+	0.0029	10431	0.9609	5	0.9527	❚❚❚•❚❚❚❚❚❚••••❚•❚❚______
161	Blockdaemon/7	OTH	24	12	166	1501	2228	3318	10	A+	0.0018	10380	0.9608	3	0.9677	❚•••❚❚•❚❚•❚❚❚❚❚•••••❚•❚•
162	1eLUhR...muTatG	100C	24	16	154	1994	96	7141	96	A	0.0131	10190	0.9608	100	0.2402	•❚•❚❚•••❚•❚❚❚❚•❚❚❚❚•❚❚❚❚
163	HYPERSPHERE/5	OTH	24	15	152	1874	1310	5523	82	A	0.0119	10300	0.9607	0.5	0.9864	❚❚❚❚❚•❚❚❚❚•••••❚❚•❚❚❚❚••
164	15JmHu...9g1Bgg	100C	24	12	204	1498	2005	3461	6	A+	0.0011	10325	0.9604	100	0.2401	•❚❚❚❚•❚❚•••••••❚❚•❚❚❚•❚•
165	Staked/2	OTH	24	14	184	1746	1436	5000	61	A+	0.0094	10347	0.9604	10	0.9151	❚❚❚❚❚❚••❚••••❚❚❚❚❚•❚••❚•
166	13EPZE...mGzbiJ	100C	24	15	221	1868	65	6590	27	A+	0.004	9940	0.9604	100	0.2401	❚❚•••❚❚❚❚❚❚❚❚❚•❚•❚❚•••❚•
167	15a9RM...W6DLf4	100C	24	12	196	1505	2014	3544	14	A+	0.0025	10353	0.9598	100	0.24	❚•❚❚❚❚••❚❚•••••❚•❚❚❚•••❚
168	16eybS...yCoieB	100C	24	20	173	2497	68	8800	237	A	0.026	10004	0.9596	100	0.2399	❚❚❚❚❚❚❚••❚•❚❚❚❚❚❚•❚❚❚❚❚❚
169	14rqNr...8LRcrq	100C	24	13	252	1629	39	5891	23	A+	0.0039	10198	0.9591	100	0.2398	••❚••❚•❚•••❚❚❚❚❚❚❚❚❚•••❚
170	ALESSIO	TVP	12	11	116	1374	1733	3342	6	A+	0.0012	10385	0.9585	3	0.9671	❚❚•❚❚❚______❚❚❚❚❚❚______
171	1XQn94...xHK6uL	100C	24	13	221	1618	2544	3396	35	A+	0.0059	10246	0.9584	100	0.2396	❚❚❚❚•❚•❚❚•❚❚••❚•❚❚❚•••••
172	14JrNR...v4fL33	100C	24	11	173	1370	1391	3695	9	A+	0.0018	10394	0.9582	100	0.2395	•❚•❚❚•❚•❚•❚••❚❚❚••❚•••❚•
173	Staked	OTH	24	14	176	1747	1529	4868	75	A	0.0116	10307	0.9581	10	0.9145	••❚❚•••❚❚••❚❚❚•❚❚❚❚❚❚❚••
174	P2P.ORG/9	OTH	24	16	241	2003	2706	4613	143	A	0.0192	10276	0.9577	0.5	0.9857	❚❚❚•❚•❚•❚••❚❚•❚•❚❚❚❚•❚❚❚
175	Sonder Validation/1	TVP	24	15	171	1871	1821	5014	115	A	0.0165	10322	0.9575	5	0.9519	❚•❚❚•❚❚❚❚•❚•••❚❚❚❚❚•❚••❚
176	12bUkY...N1ujjU	OTH	24	17	230	2121	2722	4979	171	A	0.0217	10205	0.9575	40	0.6894	•❚❚❚❚❚❚❚••❚❚❚❚❚❚•❚•❚❚••❚
177	138jGB...76wuGc	100C	24	11	202	1376	1855	3222	10	A+	0.002	10358	0.9574	100	0.2394	❚•❚•••❚•❚••❚❚••❚••••❚❚❚❚
178	12RVY2...dhhujG	100C	24	11	240	1376	2306	2777	10	A+	0.002	10350	0.9573	100	0.2393	❚❚••❚•❚•❚•❚••❚❚•❚❚••❚•••
179	Zug Capital/22	OTH	24	18	227	2237	3167	4880	186	A	0.0226	10032	0.9568	5	0.9517	❚❚❚❚•❚❚•❚❚❚❚❚•❚❚❘❚••❚❚❚•
180	13unmJ...N31NsF	100C	24	11	216	1364	1747	3282	5	A+	0.001	10274	0.9567	100	0.2392	•••❚•❚•❚❚••❚❚❚•❚❚•••❚❚••
181	Polkadot.pro - Realgar	OTH	24	12	214	1488	2302	3077	5	A+	0.0009	10085	0.9565	1	0.9816	••❚••❚•❚•❚❚•❚••❚•❚❚❚❚•❚•
182	Figment	OTH	24	20	220	2490	2915	6026	297	A	0.0321	10089	0.9564	10	0.9141	❚•❚❚❚❚❚•❚❚❚❚❚❚❚❚❚❚❚•❚•❚❚
183	BINANCE_STAKE_11	100C	24	12	156	1498	2084	3432	44	A+	0.0079	10373	0.9561	100	0.239	❚•••❚••❚••❚•❚❚❚❚•❚❚❚•❚••
184	P2P.ORG/3	OTH	24	16	235	2003	2438	4900	163	A	0.0217	10295	0.9561	0.5	0.9853	❚•❚❚❚❚••❚❚❚•❚❚❚❚•❚❚•••❚❚
185	Jaco/v02	OTH	24	10	206	1251	1882	2742	5	A+	0.0011	10412	0.9561	1	0.9815	•❚•❚❚•❚•❚••❚❚••❚••❚•❚•••
186	111B8C...dMyc3S	100C	24	11	211	1372	1867	3164	9	A+	0.0018	10261	0.9559	100	0.239	❚❚❚••••••❚•❚❚❚•••❚❚❚•❚••
187	15AcyK...v4bfFv	OTH	24	14	214	1742	2402	3965	81	A	0.0126	10211	0.9557	40	0.6889	•❚•••❚❚❚❚❚•❚❚•❚•❚❚•❚❚❚••
188	15MBzb...BWun3M	100C	24	10	217	1253	1364	3302	13	A+	0.0028	10434	0.9552	100	0.2388	❚••❚❚❚❚•❚•••❚❚••••••❚••❚
189	P2P.ORG/6	OTH	24	19	191	2372	3488	4951	253	A	0.0291	10009	0.9544	0.5	0.9849	••❚❚•❚❚❚❚❚❚❚❚❚••❚❚❚❚❚❚❚❚
190	13BN4W...2KkQpP	OTH	24	17	165	2129	35	7612	189	A	0.0241	10122	0.9543	8	0.9286	❚❚❚❚•❚❚❚❚••❚❚❚❚❚•❚•••❚❚❚
191	Zug Capital/09	OTH	24	18	220	2251	3020	5086	240	A	0.0288	10098	0.9533	5	0.9508	❚❚•❚❚❚••❚❚•❚❚❚•❚❘❚❚❚❚❚•❚
192	1584D6...mNgxfY	100C	24	14	199	1726	67	6050	36	A+	0.0059	9764	0.9531	100	0.2383	❚❚••❚•❚•❚❚❚❚••❚•❚•❚❚•❚❚•
193	Polychain Labs/Validator 05	OTH	24	15	169	1879	2862	3875	134	A	0.0195	10166	0.9527	20	0.8382	❚❚❚•❚❚❚❚❚❚❚•••❚❚•❚•••❚❚•
194	ZKValidator/ZKValidator 2	OTH	24	18	203	2251	77	7595	142	A	0.0182	9590	0.9526	8	0.9281	••❚❚❚❚•❘❚❚❚•❚•❚❚❚❚•❚❚❚❚❚
195	NOVY	TVP	12	9	103	1132	2249	1877	4	A+	0.001	10355	0.9523	4	0.9581	•❚❚❚❚❚______❚••❚❚❚______
196	13rw7b...4szYme	100C	24	9	175	1127	1469	2674	8	A+	0.0019	10391	0.9522	100	0.238	••••❚❚❚•••❚•••❚•❚❚•••❚•❚
197	15V6Nj...RPCoYS	OTH	24	16	190	1990	49	6798	82	A	0.0118	9628	0.9521	8	0.928	❚•❚❚•❚•❚•❚❚•❚❚❚❚❚❚❚•❚❚••
198	14isBr...fmmqzD	100C	24	15	215	1868	41	6299	29	A+	0.0046	9477	0.9521	100	0.238	❚❚•❚❚❚•❚❚•❚❚•❚•❚❚••❚••❚❚
199	P2P.ORG/21	OTH	24	16	214	1992	2402	4751	175	A	0.0239	10137	0.9518	0.5	0.9842	❚❚❚•❚•❚❚•❚❚❚•••❚❚❚❚••❚❚❚
200	AURORA STAKING/1	TVP	24	10	151	1244	2026	2569	28	A+	0.0061	10356	0.9514	5	0.9503	❚••••❚••••❚❚••❚•❚•❚•❚❚•❚
201	1bAVKR...eHSTYj	OTH	24	17	226	2121	3245	4349	211	A	0.027	10075	0.9513	40	0.6878	❚•❚❚•❚•❚❚❚❚❚•❚❚•❚❚•❚❚❚•❚
202	15PJA4...zekn1L	100C	24	17	200	2117	2599	4991	219	A	0.028	10058	0.9502	100	0.2376	•❚❚❚••❚❚❚❚❚❚❚❚••❚❚❚••❚❚❚
203	P2P.ORG/4	OTH	24	16	210	1989	2276	4885	185	A	0.0252	10058	0.9495	0.5	0.9836	❚•❚❚❚•••❚❚•❚•❚❚❚❚❚❚•❚•❚❚
204	POLKACHU.COM	TVP	12	8	85	999	1758	1931	5	A+	0.0014	10375	0.9494	0	0.9874	❚••❚❚•❚❚❚❚❚•____________
205	Khastor/K1	TVP	12	9	76	1128	1761	2367	28	A+	0.0067	10402	0.9488	3	0.9647	❚•❚❚❚❚❚❚••❚❚____________
206	1wcx1M...EKqay6	100C	24	12	159	1491	2134	3329	90	A	0.0162	10273	0.9482	100	0.2371	❚••❚•••••❚••❚❚❚❚❚❚•❚••❚❚
207	14omEr...SgtGfX	100C	24	11	201	1379	99	4909	52	A	0.0103	10170	0.948	100	0.237	❚•❚•❚•❚❚❚❚••❚••••❚••••❚❚
208	1652xa...Xo9T7d	OTH	24	15	172	1875	1235	5535	184	A	0.0265	10180	0.9477	10	0.9119	❚•❚❚❚•••❚•❚❚•••❚❚•❚❚❚❚❚❚
209	P2P.ORG	OTH	24	17	210	2123	2740	4879	257	A	0.0326	10069	0.947	0.5	0.983	❚❚❚❚❚❚❚•❚•❚❚•❚❚❚❚••❚•❚❚•
210	Figment/1	OTH	24	14	204	1748	1921	4415	163	A	0.0251	10207	0.9463	10	0.9116	•❚❚•❚••❚❚•❚❚•❚❚❚•❚•••❚❚❚
211	12DsYU...rCK4rn	OTH	24	14	206	1752	2439	3879	155	A	0.0239	10148	0.9461	40	0.6865	❚❚❚•••❚❚•❚❚❚❚••••❚•❚❚❚•❚
212	CoinFund/Grassfed	OTH	24	15	150	1879	1918	4926	219	A	0.031	10280	0.946	5	0.949	•❚❚❚•❚•❚•❚❚❚❚••❚•❚❚❚❚❚••
213	🐟YellowFin Tuna🐟/🌊Adriatic🌊	TVP	12	11	121	1375	1622	3359	74	A	0.0146	10234	0.9458	5	0.9489	____________❚❚•❚❚❚❚❚❚❚❚❚
214	Zug Capital/04	OTH	24	17	199	2127	3326	4258	260	A	0.0331	10011	0.9456	5	0.9489	❚•❚❚❚•❚••❚❚❚❚❚❚❚❘❚❚••❚❚•
215	Zug Capital/19	OTH	24	18	228	2248	3460	4532	293	A	0.0354	9935	0.9456	5	0.9489	❚❚❚❚•❚❚•❚❚❚❚❚•❚❚!•❚❚•❚❚•
216	ALGO | STAKE/CERULEAN ONE	TVP	12	8	78	1002	681	3002	26	A+	0.007	10397	0.9455	3	0.9639	❚•❚❚❚•______❚❚•❚•❚______
217	14Abui...xKXBmg	OTH	24	18	143	2239	63	7838	292	A	0.0356	9931	0.9453	12	0.8963	❚❚•❚❚•❚•❚❚❚❚•❚❚❚❚❚❚•❚❚❚•
218	15omhU...t9F72d	100C	24	16	229	2004	2780	4395	232	A	0.0313	10081	0.9453	100	0.2363	•❚•❚❚❚•❚❚•❚❚❚••❚•❚❚❚❚•❚❚
219	15vvFZ...pQC2KE	100C	24	14	164	1756	48	6152	156	A	0.0245	10007	0.9432	100	0.2358	❚❚❚•❚❚❚❚❚•❚❚•❚•❚•••••❚•❚
220	General-Beck/Laniakea	OTH	24	14	193	1737	188	5399	14	A+	0.0025	8955	0.9418	4	0.9555	•❚•❚❚❚❚•❚•❚❚❚•❚❙•••❚•❚❚•
221	hirish	TVP	12	9	107	1123	22	4010	41	A	0.0101	10113	0.9413	5	0.9478	•❚❚❚❚❚❚❚•❚❚•____________
222	Zug Capital/08	OTH	24	16	218	1995	2373	4767	258	A	0.0349	9980	0.9409	5	0.9477	❚•❚••❚❚❚❚••❚❚•❚❚❘•❚❚❚❚❚•
223	16VVhE...1vWF9J	100C	24	15	213	1867	46	6252	115	A	0.0179	9402	0.9408	100	0.2352	❚•❚❚••❚❚••••❚❚❚!❚•❚❚❚❚•❚
224	P2P.ORG/5	OTH	24	16	193	1992	2135	4979	273	A	0.037	9958	0.9389	0.5	0.981	•❚❚•❚❚❚•❚•❚❚❚❚••❚❚•❚❚❚•❚
225	StakeDOTs.com - by Bison Trails	OTH	24	17	161	2118	85	7204	270	A	0.0357	9698	0.9383	35	0.7221	•❚•❚••❚❚❚❚❚❚❚❚❚❚❚❚❚•❚•❚•
226	NeNa 🌻	TVP	6	4	36	499	512	1333	3	A+	0.0016	10420	0.9383	3	0.9621	__________________❚❚❚•❚•
227	OnFinality.io	TVP	6	4	42	504	483	1388	9	A+	0.0048	10545	0.9381	3	0.962	____________••❚❚❚❚______
228	16DH4p...fm2DYi	100C	24	15	165	1870	2065	4700	276	A	0.0392	10172	0.938	100	0.2345	❚❚❚❚•❚•❚•❚❚••❚❚❚•❚❚❚•••❚
229	13Q5v2...sZKaMc	100C	24	16	169	1995	49	6951	270	A	0.0371	9871	0.9373	100	0.2343	❚❚❚•❚•❚❚❚❚•❚•❚❚❚❚❚•❚•❚••
230	synclub-1	100C	6	5	42	626	842	1463	13	A+	0.0056	10364	0.9373	100	0.2343	____________❚❚❚❚•❚______
231	Zug Capital	OTH	24	16	228	1993	3018	4077	286	A	0.0387	9900	0.9366	5	0.9466	❚❚••❚••❚•❚❚•❚•❚•!❚❚❚❚❚❚❚
232	Mermaid	TVP	6	4	54	500	748	1083	4	A+	0.0022	10320	0.9362	5	0.9465	____________❚•❚•❚❚______
233	CryptoLab 01	TVP	12	6	82	743	1267	1455	24	A+	0.0087	10226	0.9355	3	0.9614	____________❚•••❚•❚❚••❚❚
234	STAKINGDX_COM	TVP	6	4	42	496	7	1794	1	A+	0.0006	10175	0.9349	3	0.9612	______❚••❚❚❚____________
235	NewOmegaValidator	OTH	6	4	70	502	20	1835	6	A+	0.0032	10285	0.9348	3	0.9612	❚❚❚❚••__________________
236	ANAMIX	TVP	6	3	51	376	558	845	3	A+	0.0021	10406	0.9348	3	0.9612	❚•❚••❚__________________
237	ALFASTAKE/ZENIT	TVP	6	4	64	500	840	995	6	A+	0.0033	10255	0.9343	5	0.9461	__________________❚••❚❚❚
238	Zug Capital/11	OTH	24	15	186	1877	2800	3839	274	A	0.0396	9924	0.9334	5	0.9459	❚❚❚❚•❚•❚•❚•❚❚❚••❘•❚•❚•❚❚
239	🛡 DWELLIR DOT 🛡	TVP	6	2	50	250	206	721	1	A+	0.0011	10450	0.9334	3	0.9609	____________••❚❚••______
240	9Stake by 9GAG	TVP	12	9	68	1128	1756	2304	103	A	0.0247	10268	0.933	3	0.9607	____________❚••❚❚❚❚❚❚•❚❚
241	12pgR5...jGwNHL	100C	24	17	199	2117	40	6987	251	A	0.0345	9265	0.9319	100	0.233	❚❚•••••❚❚❚❚❚❚❚❚!•❚❚❚❚❚❚•
242	RockX_Polkadot	OTH	24	14	140	1754	1556	4734	284	A	0.0432	10131	0.9314	10	0.9078	❚••❚❚•❚❚•❚❚❚••❚❚••❚❚••❚❚
243	Cypher Labs	TVP	6	4	67	502	791	1034	20	A	0.0108	10340	0.93	5	0.945	__________________❚•❚❚❚•
244	124YFX...x8TJ2W	OTH	24	13	142	1618	32	5700	223	A	0.0374	9950	0.9297	8	0.9224	❚❚••❚❚••••❚❚❚❚•••❚❚•❚❚•❚
245	Stake Plus	TVP	6	3	38	376	512	870	15	A	0.0107	10466	0.9293	3	0.9598	__________________•••❚❚❚
246	14jr3c...wP9LAz	100C	24	14	152	1745	56	6111	259	A	0.0403	9852	0.9288	100	0.2322	❚••❚❚❚••❚❚❚•❚•❚❚❚❚❚•••❚•
247	Masternode24🔱//24	TVP	6	4	57	501	636	1170	17	A+	0.0093	10190	0.9286	3	0.9597	❚❚❚•❚•__________________
248	Zug Capital/16	OTH	24	12	225	1491	2210	3039	185	A	0.034	9846	0.9275	5	0.9444	❚••❚•❚❚•❚••❚•❚••❘•••❚❚❚❚
249	1yGJ3h...ktiAmq	100C	24	16	152	1991	57	6860	362	A	0.0497	9801	0.9267	100	0.2317	❚•❚•❚•❚•❚❚❚❚❚❚❚❚❚❚••••❚❚
250	LLoyds.tech	TVP	6	3	39	373	5	1339	10	A+	0.0074	10080	0.9253	3	0.9588	______❚❚•••❚____________
251	TheGuild	TVP	6	5	68	625	871	1384	46	A	0.02	10132	0.9225	3	0.9581	__________________❚❚•❚❚❚
252	13YDN2...RgxhNz	100C	24	15	157	1864	27	6468	344	B+	0.0503	9749	0.9224	100	0.2306	❚•❚❚❚❚❚❚❚••••❚❚•❚❚••❚•❚❚
253	Polychain Labs/Validator 02	OTH	6	3	35	375	426	943	24	A	0.0172	10333	0.9222	20	0.8306	❚••❚❚•__________________
254	14gPzp...ACR8NX	100C	24	17	162	2114	182	7083	505	B+	0.065	9681	0.9161	100	0.229	❚❚❚❚❚❚•❚❚❚❚•❚••❚•••❚❚❚❚❚
255	13mhUn...FooDiF	100C	24	21	142	2622	29	8407	638	B+	0.0703	9108	0.914	100	0.2285	❚•❚❚❚❚❚❘❚❚❚❚❚❚❚❚❚•❚❚❚❚•❚
256	14U9uA...JLZmsz	100C	24	15	149	1865	51	6378	420	B+	0.0613	9674	0.9129	100	0.2282	••❚❚❙•❚❚❚❚❚••❚❚•❚❚❚••❚❚•
257	1ZjP48...hXwZim	100C	24	14	150	1747	12	6036	410	B+	0.0635	9805	0.9106	100	0.2276	❚❚❚•••••❚❚❚❚••❚❚•❚•❚❚❚•❚
258	1yHLcB...2gC826	100C	24	18	146	2241	45	7576	616	B+	0.0748	9587	0.9101	100	0.2275	••❚•❚❚❚❚•❚❚•❚❚•❚❚❚❚❚❚❚❚❚
259	1RqhgL...J4jShw	100C	24	18	165	2244	25	7548	602	B+	0.0736	9496	0.9094	100	0.2273	❚❚❚❚•❚❚❚❚❚❚❚•❚••❚❚❚•❚❚❚•
260	14z7xj...78J3cQ	100C	24	15	157	1877	113	6342	466	B+	0.0673	9688	0.9086	100	0.2272	•❚❚❚❚❚•❚❚❚•••❚❚•••❚❚❚•❚❚
261	1exKbD...AdoBzv	100C	24	15	154	1868	9	6228	410	B+	0.0617	9428	0.9084	100	0.2271	❚❚❚•••❚❚❚❚•❚•❚❚•❚❚❚•❚•❚•
262	1FKf1e...7N2KeQ	100C	24	21	144	2619	42	8425	714	B+	0.0778	9092	0.9081	100	0.227	❚❚❚•❚❚❚!❚❚❚❚❚❚❚❚•❚❚❚❚•❚❚
263	VISIONSTAKE 👁‍🗨	TVP	6	6	41	750	3	2622	107	A	0.0392	9890	0.9069	3	0.9542	__________________❚❚❚❚❚❚
264	14abtG...g7kURB	100C	24	17	135	2122	110	7070	584	B+	0.0752	9532	0.9059	100	0.2265	❚❚❚❚❚❚••❚❚❚❚•❚❚❚❚••❚•❚•❚
265	Zug Capital/05	OTH	24	11	205	1362	2088	2638	282	B+	0.0563	9674	0.905	5	0.9387	❚❚•••❚•••❚❚•❚••❚!•❚••❚•❚
266	1qHrBu...pCK1jR	100C	24	16	151	1987	17	6714	527	B+	0.0726	9525	0.9048	100	0.2262	•❚••❚❚❚❚•❚•❚❚❚❚•❚•❚•❚❚❚❚
267	1ewM9m...fUr4pc	100C	24	15	145	1874	69	6229	460	B+	0.0681	9472	0.9044	100	0.2261	❚❚❚❚•••••❚❚•❚❚•❚•❚❚❚•❚❚❚
268	SNZPool-1	OTH	24	14	158	1745	1480	4580	468	B+	0.0717	9755	0.9036	1	0.9684	•❚••❚•❚•❚❚•❚❚•❚❚••❚❚❚•❚❚
269	16fPzN...bu4sJA	100C	18	11	97	1374	1116	3658	322	B+	0.0632	9834	0.9026	100	0.2256	•❚❚❚❚❚❚❚•❚•••❚❚•❚•______
270	13NFKR...2YspLV	100C	24	17	156	2117	102	6947	597	B+	0.0781	9438	0.9021	100	0.2255	•❚❚•❚❚❚❚❚•❚❚❚•❚❚•❚❚❚••❚❚
271	12sVtn...GCJ7aW	100C	24	15	154	1867	58	6137	479	B+	0.0718	9389	0.9002	100	0.225	•❚•❚❚❚•❚❚❚❚••❚•❚❚•❚❚❚••❚
272	138shU...LVVMH1	100C	24	15	157	1872	25	6213	500	B+	0.0742	9476	0.8998	100	0.225	❚❚•❚•❚•❚❚❚❚❚•❚❚•❚•❚••❚•❚
273	🐝 CRYPTOBEES.XYZ/🐝	TVP	12	8	86	997	704	2764	206	B+	0.0561	9847	0.8994	3	0.9523	______❚❚❚❚❚•______❚•❚❚••
274	14j9Wz...P6r367	100C	24	20	152	2498	80	7779	724	B+	0.0844	8959	0.898	100	0.2245	❚❚❚•❚•❚❙❚❚❚❚•❚❚❚❚•❚❚❚❚❚❚
275	15uQdw...cEndzs	100C	24	15	132	1863	119	6169	534	B+	0.0783	9494	0.8971	100	0.2243	❚❚•••❚❚❚•❚•❚•❚❚••❚❚❚❚•❚❚
276	135hDL...KfZzP5	100C	24	16	130	1995	25	6701	606	B+	0.0827	9491	0.8967	100	0.2242	❙❚••❚❚•❚••❚•❚❚•❚❚❚❚❚•❚❚❚
277	13x7Pb...gzqpVY	100C	24	16	144	1991	44	6583	571	B+	0.0793	9328	0.8964	100	0.2241	❚•❚❚•❚❚❚•❚❚❚•❚•❚❚❚❚•❚•❚•
278	APERTURE MINING 🎂/01	TVP	6	1	40	126	74	358	18	A	0.04	10140	0.896	1	0.9665	__________________•••❚••
279	15ikBt...pSQuv2	100C	24	14	146	1759	38	5900	530	B+	0.0819	9631	0.8938	100	0.2234	••❚•❚❚❚❚❚•••❚❚•••❚❚❚❚❚❚•
280	🔥Vertex🔥/1	TVP	6	4	33	503	16	1715	87	A	0.0479	9735	0.8919	3	0.9505	❚❚❚•❚•__________________
281	15zGK5...Vz7DYg	100C	24	15	139	1870	44	6228	586	B+	0.0854	9465	0.8912	100	0.2228	❚❚❚•❚•❚❚•❚•❚❚••❚❚•❚❚•❚❚•
282	1YguHo...NWyC3X	100C	24	16	143	1988	15	6623	648	B+	0.0889	9376	0.89	100	0.2225	❚❚••❚❚•❚•••❚❚❚•❚❚❚•❚❚❚❚❚
283	1KgwVb...BRUtQv	100C	24	16	146	1993	19	6581	648	B+	0.0894	9332	0.8889	100	0.2222	•❚❚❚•❚•❚❚•❚❚•❚•❚••❚❚❚❚❚❚
284	Legos/X	TVP	6	1	50	124	7	445	25	B+	0.0524	10060	0.8853	3	0.9488	•••••❚__________________
285	13p1j6...zmPma8	100C	24	15	172	1878	35	6126	608	B+	0.0898	9308	0.8853	100	0.2213	❚❚❚•❚••❚❚❚•••❚❚•❚•❚•❚❚❚❚
286	153cat...XCsGCY	100C	24	18	154	2242	37	7090	752	B+	0.0954	9023	0.8849	100	0.2212	❚❚❚❚•❚❚•❚❚❚❚❚❚❚•❚••❚❚❚•❚
287	15ANfa...X11pzM	100C	24	14	168	1743	27	5696	547	B+	0.0872	9295	0.8841	100	0.221	❚•❚❚•••❚••❚❚❚❚❚❚❚❚•❚•❚••
288	12WmM9...rbZFW4	OTH	24	22	156	2746	24	8462	1000	B	0.1054	8719	0.8839	8	0.911	❚❚❚¿❙❚❚!❚❚❚•❚❚❚❚❚•❚❚❚❚❚❚
289	NEWDEAL	TVP	18	10	121	1244	710	3577	396	B+	0.0846	9692	0.8812	5	0.9328	❚••••❚•❚•❚•❚❚❚❚•❚❚______
290	13N2Np...sFmuhd	100C	24	14	151	1742	23	5676	566	B+	0.0903	9171	0.8796	100	0.2199	•❚❚•••❚❚••❚❙❚•❚❚❚❚❚•❚❚••
291	14onyM...LqNZpe	100C	6	4	56	500	347	1405	134	B+	0.071	9915	0.8776	100	0.2194	__________________•❚❚•❚❚
292	12ZEQA...cT8u23	100C	24	14	157	1754	2096	3749	673	B	0.1033	9434	0.8744	100	0.2186	❚❚•❚❚❚❚••❚❚••❚❚❚•!❚•❚•••
293	14zy72...SiS3ti	100C	24	15	220	1871	51	6039	727	B	0.1066	9121	0.8695	100	0.2174	❚•❚❚••❚•••❚❚••❚❚❚❚❚❙❚❚❙•
294	14oRE6...LfEyRZ	100C	24	15	210	1864	2348	3694	833	B	0.1212	9072	0.8577	100	0.2144	❚••••!!❙❚❚❚❚❚•❚•❚•❚••❚❚❚
295	Current/1	OTH	24	19	170	2361	54	7437	1182	B	0.1363	8888	0.8549	1	0.9562	•❚••❚❚❚❚•❚❚•❙❙❚❚❚❚❚❙❚❚❚❚
296	15rQD4...BVzCjf	100C	24	21	144	2625	40	8068	1402	B	0.1474	8748	0.85	100	0.2125	❚❚❚❚❙❚❚❚❚•❚❙❚❙❚❚❚❚❚•❚❚❙•
297	16Fwe1...35nwc8	100C	24	17	183	2128	42	6648	1113	B	0.1426	8852	0.8437	100	0.2109	❚❚•❚•❚•❚❚❚❚•❚•❚•❚❚❚•❙❙❘❙
298	13xZTj...q5LpnG	100C	24	15	163	1871	47	5880	945	B	0.1375	8956	0.8435	100	0.2109	❚❚••❚❚❚•❚❚❚❚❚•❚•••❚❚❚¿••
299	1jZqir...2ufbyN	100C	24	16	153	1997	20	6121	1116	B	0.1538	8712	0.83	100	0.2075	•❚•❚❚••❚•❚❚❙❙❚❚❚❚❚❚❙•❙••
300	129o9r...iZovBd	100C	24	18	152	2249	47	6856	1341	B	0.1627	8717	0.8293	100	0.2073	❙❚•❚❙❚•❙❙❚❙••❚❚❚❚❚❚❚❚••❚
301	1A2ATy...xGvCho	OTH	24	16	157	1995	29	5929	1281	B	0.177	8445	0.8081	8	0.892	••❚❚•••❚❚❚•❙❚❚❚❚❚❙••❙❙❙❚
302	mmagician/mmagician-1	TVP	18	11	135	1373	40	4087	912	B	0.181	8425	0.7902	3	0.925	______❚❚❚❚•❚❚•••❙❙❚•❚•❙•
303	1HDgY7...pKUKFw	100C	24	15	141	1868	25	5371	1406	C+	0.2067	8148	0.7778	100	0.1945	••❚•❙❙••❘❚•❚❙•❚❚•❚❚❙❚❚❚•
304	148ADE...ZzRBpQ	100C	24	17	127	2126	2186	3892	1706	C+	0.2192	8002	0.7718	100	0.1929	•❚❚❚❚!❙❚❚❚❚❙•❚••¿❘❚•❙•!•
305	Eric/BladeRunner	TVP	6	5	52	627	38	1741	412	B	0.188	8012	0.7603	3	0.9176	❚❚❚¿•❚__________________
306	12ECDE...ogGrMZ	OTH	24	14	167	1755	29	4854	1562	C+	0.2424	7850	0.7431	8	0.8758	••❘❙❙❙❙❙❘•❚••❚❙••❚❚•••❚❚
307	🐍Snake Stake🐍/1	TVP	6	3	25	371	19	1060	287	C+	0.2101	8253	0.742	3	0.913	______❚❙•••❙____________
308	🔒stateless_money🔒	OTH	18	12	125	1502	28	3960	1527	C+	0.2769	7408	0.7038	5	0.8884	•❚•❚•❚❚❚•¿¿¿______❚•❚•❙❚
309	kouti/1	TVP	6	4	51	500	10	1191	599	C	0.3328	6740	0.6271	3	0.8843	__________________❚❘❘❙••
310	16d9XU...Rvfcvc	100C	24	17	177	2118	33	4380	2795	C	0.3878	5855	0.6087	100	0.1522	❙•!❘•❘❙❘❙•❙•❙❙❙¿•❘❘!❚••❙
311	12MqEB...XAycM2	100C	24	16	180	1987	96	4026	3066	D+	0.4265	5791	0.5756	100	0.1439	••❘•!❙❘❙❘❚•❚❙❘❘•❙!❙••❘❘•
312	144Qov...NT2Zzd	100C	24	15	98	1869	1109	2751	3021	D+	0.439	5762	0.5628	100	0.1407	•••!!••❚❚❚!•¿❚•¿•!❚❚•!❚!
313	12BJ7E...f4WGiS	100C	24	19	109	2370	2354	2390	3963	D+	0.4552	5567	0.5591	100	0.1398	❘•¿❚!❚!❚❚!!¿❚•❚❘•❘•❚!•❙❘
314	1dquPs...joNWpZ	100C	24	15	120	1870	1125	2559	3179	D+	0.4632	5506	0.5403	100	0.1351	•❚❚•❚❙•❚•!•❚••¿¿❙•❙!!!•!
315	15VJJi...X6uMZN	100C	24	14	121	1736	1348	1961	3116	D+	0.485	5290	0.5174	100	0.1293	¿❚!❚!!!!•!❙•••••!❙•❚❚•••
316	1CKUGh...KC219S	100C	24	16	116	1992	1786	1878	3598	D+	0.4955	5131	0.5127	100	0.1282	•••!•!❙•!•!❚❘❙❙!!❘•!❚!❚•
317	162Dme...iY2wXz	100C	24	19	83	2365	1782	2131	4479	D	0.5337	4603	0.4837	100	0.1209	❚❚!!❚!!!!❘❚•¿•!•❙•!❘¿•❚❚
318	15rq7G...Yy2dyY	100C	24	18	238	2242	13	3487	4674	D	0.5718	4351	0.4479	100	0.112	•!❘❘!❘•❙!•❘❘❘❘!❘❘•❙!•!•!
319	1W7neF...GheLbD	100C	24	18	238	2239	46	2741	5453	F	0.6618	3467	0.3654	100	0.0913	•!!•!!!!•❘❙!!!!•❘•❘!!!❘•
320	12HFym...n1XMrj	OTH	24	15	215	1866	8	1816	4984	F	0.7321	2736	0.2914	8	0.7628	!!!!!••❘!!!!••••❘!!!•!••
321	12GTt3...PvxbUZ	100C	24	19	182	2373	8	2168	6372	F	0.7454	2557	0.29	100	0.0725	•!!•!!❘❘!!!•!!!!•!!!!!•¿
322	POSTCHAIN.IO/1	TVP	6	5	0	623	0	0	2266	F	1	0	0.0146	3	0.7311	______•¿¿¿¿¿____________



	——
	onet v0.9.17
