	📮 Validators Performance Insights Report for Kusama from 4043 // 23553 to 4044 // 23561
	5390 blocks recorded from #13881853 to #13887243

#	Validator	Subset	Active Sessions	P/V Sessions	❒	↻	✓i	✓e	✗	Grade	MVR	Avg. PPTS	Score	Commission (%)	Commission Score	Timeline
1	SunshineAutos-S	TVP	9	6	3	345	574	590	3	A+	0.0026	4353	0.9627	5	0.9532	•❚❚❚•❚❚❚•
2	Jaco/v24	OTH	9	5	5	290	476	523	4	A+	0.004	4424	0.9567	3	0.9667	❚❚❚❚❚••••
3	Steak ♨ Noodles/1	TVP	9	5	8	282	372	602	1	A+	0.001	4352	0.9561	15	0.8765	•••❚❚❚•❚❚
4	FzFUiP...KYonzj	100C	9	4	6	230	427	376	2	A+	0.0025	4540	0.9546	100	0.2386	❚•❚❚••••❚
5	CrQunE...2GzEvn	100C	9	5	8	286	555	394	0	A+	0	4280	0.954	100	0.2385	•❚❚•❚•❚•❚
6	DQ34uh...RKJpag	100C	9	5	3	286	544	412	5	A+	0.0052	4244	0.9487	100	0.2372	•••❚❚❚❚•❚
7	Mission Control 1	100C	6	3	8	174	305	302	0	A+	0	4506	0.9473	100	0.2368	___•❚••❚❚
8	EoWBbY...tZDgY6	100C	9	4	6	232	338	448	7	A+	0.0088	4455	0.9465	100	0.2366	•❚❚•❚•❚••
9	Zug Capital/52	OTH	9	5	5	285	538	403	7	A+	0.0074	4200	0.9454	10	0.9113	•❚❚❚❚•❚••
10	DwGXU5...kCS9bC	100C	9	4	6	228	447	338	4	A+	0.0051	4325	0.9442	100	0.2361	•❚❚•❚••❚•
11	G5Duxy...8tzvLr	100C	9	5	6	288	13	945	11	A	0.0114	4236	0.9438	100	0.2359	•❚❚❚•••❚❚
12	DK46gx...UXURAW	100C	9	3	3	172	346	254	1	A+	0.0017	4446	0.9437	100	0.2359	❚•❚••••❚•
13	CoinStudio	TVP	9	3	5	170	274	315	1	A+	0.0017	4440	0.9435	3	0.9634	❚•❚❚•••••
14	Zug Capital/51	OTH	9	4	7	230	390	371	2	A+	0.0026	4255	0.9433	10	0.9108	•❚••❚❚❚••
15	RYABINA/ [3] T.ME/KUSAMA_BOT	OTH	9	6	3	341	5	1084	16	A	0.0145	4080	0.9431	3	0.9633	❚❚❚•❚•❚❚•
16	EhPC2Q...q6wKk5	100C	9	4	2	230	373	424	10	A	0.0124	4435	0.943	100	0.2358	❚••❚❚•❚••
17	Zug Capital/23	OTH	9	4	8	226	417	339	2	A+	0.0026	4230	0.9423	10	0.9106	❚•❚•••❚•❚
18	Jaco/v12	OTH	9	3	6	172	341	249	0	A+	0	4373	0.9421	3	0.963	❚••❚••❚••
19	BLACKMIRROR/BLACKMIRROR35	100C	9	5	6	284	8	942	13	A	0.0135	4220	0.9415	100	0.2354	❚•❚❚❚•❚••
20	Zug Capital/41	OTH	9	4	4	226	393	368	4	A+	0.0052	4260	0.9415	10	0.9104	••❚•❚•❚❚•
21	Zug Capital/92	OTH	9	3	10	174	363	229	1	A+	0.0017	4373	0.9408	10	0.9102	•••••❚❚•❚
22	GATOTECH/UK2	TVP	6	4	5	230	408	362	7	A+	0.009	4310	0.9407	10	0.9102	___••❚❚❚❚
23	Zug Capital/86	OTH	9	2	10	116	242	163	0	A+	0	4530	0.9405	10	0.9101	❚•••••••❚
24	Jaco/v20	OTH	9	3	4	172	289	308	0	A+	0	4326	0.9403	3	0.9626	❚•••❚••❚•
25	turboflakes.io/MOMO	TVP	9	3	3	174	276	314	2	A+	0.0034	4386	0.9401	3	0.9625	•❚•••❚•❚•
26	FUDxE2...FohZ61	100C	9	4	3	224	322	451	5	A+	0.0064	4240	0.9399	100	0.235	•••❚❚❚•❚•
27	Validatrium KSM	TVP	9	3	8	172	284	299	2	A+	0.0034	4380	0.9398	5	0.9475	••••••❚❚❚
28	DYW3mu...uqrqva	100C	9	3	8	174	364	231	4	A+	0.0067	4440	0.9397	100	0.2349	•❚❚❚•••••
29	Zug Capital/10	OTH	9	4	5	226	488	283	7	A+	0.009	4285	0.9397	10	0.9099	•••••❚❚❚❚
30	ETRWdB...GhU43p	100C	9	3	4	174	352	222	1	A+	0.0017	4326	0.939	100	0.2347	••❚❚••❚••
31	RYABINA/ [16] T.ME/KUSAMA_BOT	OTH	9	3	8	172	295	295	5	A+	0.0084	4453	0.9389	3	0.9622	••••❚•❚❚•
32	Zug Capital/08	OTH	9	4	2	224	326	418	4	A+	0.0053	4195	0.9389	10	0.9097	❚❚❚❚•••••
33	Zug Capital/63	OTH	9	2	3	114	245	160	0	A+	0	4490	0.9389	10	0.9097	❚••❚•••••
34	Jaco/v02	OTH	9	3	3	170	149	437	5	A+	0.0085	4446	0.9386	3	0.9622	•❚•❚•••❚•
35	FoEcis...55WYGs	100C	9	4	6	228	381	364	5	A+	0.0067	4210	0.9385	100	0.2346	❚❚❚•••••❚
36	gtstaking	TVP	9	3	7	170	348	222	0	A+	0	4280	0.9385	15	0.8721	❚❚••••••❚
37	FPqyR7...hBDnTy	100C	9	4	4	228	5	749	6	A+	0.0079	4225	0.9382	100	0.2345	••❚❚❚•❚••
38	Zug Capital/07	OTH	9	4	5	226	416	328	4	A+	0.0053	4175	0.9381	10	0.9095	❚❚•••❚••❚
39	binance_ksm_6	100C	9	4	3	228	300	470	11	A	0.0141	4335	0.9378	100	0.2345	❚••❚••❚❚•
40	MISSION CONTROL | PARALLEL 8	OTH	9	1	7	58	132	74	0	A+	0	4660	0.9378	8	0.9244	•••••••❚•
41	Jaco/v05	OTH	9	3	6	172	344	238	3	A+	0.0051	4360	0.9377	3	0.9619	❚••❚•❚•••
42	Zug Capital/66	OTH	9	3	2	171	270	301	0	A+	0	4260	0.9377	10	0.9094	•❚•••❚•❚•
43	DbDucY...vYyymY	100C	9	3	7	170	262	312	0	A+	0	4260	0.9377	100	0.2344	••••❚❚❚••
44	Zug Capital/36	OTH	9	4	8	228	436	314	5	A+	0.0066	4185	0.9376	10	0.9094	•❚••❚❚❚••
45	Binance_ksm_25	100C	9	4	7	230	363	419	9	A	0.0114	4275	0.9375	100	0.2344	•••❚••❚❚❚
46	Stakin/5	OTH	9	3	2	172	41	539	2	A+	0.0034	4320	0.9375	3	0.9619	•••❚❚•••❚
47	Zug Capital/90	OTH	9	3	3	173	330	260	5	A+	0.0084	4406	0.9371	10	0.9093	•••❚••❚❚•
48	blockdaemon😈/😈3	OTH	9	2	7	116	248	149	1	A+	0.0025	4490	0.937	5	0.9468	•••••❚••❚
49	blockdaemon😈/😈5	OTH	9	1	8	58	64	130	0	A+	0	4640	0.937	5	0.9467	••••••❚••
50	BLACKMIRROR/BLACKMIRROR37	100C	9	4	7	227	3	751	6	A+	0.0079	4190	0.9368	100	0.2342	•❚•❚••❚❚•
51	ZKValidator/ZKValidator4	OTH	9	3	9	170	3	581	3	A+	0.0051	4333	0.9367	10	0.9092	❚•❚❚•••••
52	FpbVSs...nLUp7V	100C	9	3	3	168	342	222	1	A+	0.0018	4266	0.9366	100	0.2341	❚❚•❚•••••
53	Yarik	TVP	9	2	3	116	199	192	0	A+	0	4430	0.9366	10	0.9091	•••❚••••❚
54	hirish	TVP	9	4	7	228	0	767	8	A	0.0103	4230	0.9365	15	0.8716	❚•❚❚•••❚•
55	Zug Capital/65	OTH	9	3	9	172	345	234	4	A+	0.0069	4353	0.9362	10	0.909	❚•❚••••❚•
56	MISSION CONTROL | PARALLEL 6	OTH	9	2	6	114	198	201	0	A+	0	4420	0.9362	8	0.924	••••❚•❚••
57	G2TWBt...mDpmZH	100C	9	3	6	170	162	411	2	A+	0.0035	4286	0.9361	100	0.234	•••❚••❚•❚
58	Stakin/6	OTH	9	3	10	173	74	503	0	A+	0	4213	0.9358	3	0.9615	❚•••❚••❚•
59	stellarjet	TVP	6	4	2	227	12	739	7	A+	0.0092	4185	0.9356	15	0.8714	___❚❚•❚❚•
60	BRAVEBAT	TVP	9	3	7	170	267	305	1	A+	0.0017	4240	0.9356	3	0.9614	•❚❚••••❚•
61	🚂 Zugian Duck 🦆/V1	OTH	9	3	7	170	4	563	0	A+	0	4206	0.9356	5	0.9464	❚•••••❚❚•
62	Zug Capital/71	OTH	9	1	3	58	119	88	0	A+	0	4600	0.9354	10	0.9089	••❚••••••
63	Zug Capital/47	OTH	9	3	4	172	411	159	1	A+	0.0018	4233	0.9353	10	0.9088	•❚•••••❚❚
64	ParaNodes.io/03🚀	OTH	9	3	7	172	294	287	5	A+	0.0085	4360	0.9352	3	0.9613	•❚•❚•❚•••
65	Zug Capital/78	OTH	9	2	10	114	141	261	2	A+	0.005	4490	0.9352	10	0.9088	❚••❚•••••
66	Zug Capital/12	OTH	9	3	7	172	230	357	9	A	0.0151	4473	0.9347	10	0.9087	•❚•••••❚❚
67	Zug Capital/09	OTH	9	3	7	170	385	193	2	A+	0.0034	4240	0.9343	10	0.9086	•❚•❚❚••••
68	Zug Capital/85	OTH	9	3	5	170	456	111	2	A+	0.0035	4240	0.9343	10	0.9086	❚•❚•••••❚
69	PROOF/fireproof	TVP	3	2	2	114	96	295	0	A+	0	4370	0.9342	10	0.9086	•❚❚______
70	ZKValidator/ZKValidator5	OTH	9	3	3	173	2	567	3	A+	0.0052	4266	0.934	10	0.9085	••❚••❚••❚
71	Maidan_UA	TVP	9	3	3	170	312	248	2	A+	0.0036	4233	0.934	15	0.871	•❚••••❚•❚
72	Zug Capital/62	OTH	9	3	7	168	351	205	1	A+	0.0018	4193	0.9337	10	0.9084	❚❚•❚•••••
73	Zug Capital/45	OTH	9	3	6	171	311	271	6	A	0.0102	4353	0.9337	10	0.9084	•••❚•❚••❚
74	NQ4.NET	TVP	9	3	7	172	355	217	2	A+	0.0035	4220	0.9335	9	0.9159	••••❚•❚•❚
75	Jaco/v14	OTH	9	2	6	116	186	207	1	A+	0.0025	4400	0.9335	3	0.9609	•••••❚•❚•
76	DMwWPa...Az3VXC	100C	9	2	6	114	220	179	0	A+	0	4350	0.9334	100	0.2334	•••❚❚••••
77	Stakin/3	TVP	9	2	4	114	255	123	0	A+	0	4350	0.9334	3	0.9609	❚•••••❚••
78	GXFZTS...AvcEb5	100C	9	2	3	114	252	137	0	A+	0	4350	0.9334	100	0.2334	••❚•••••❚
79	BRAVEBAT/02	TVP	9	1	3	58	97	102	0	A+	0	4540	0.9331	3	0.9608	••❚••••••
80	Zug Capital/48	OTH	9	2	7	116	236	152	2	A+	0.0051	4430	0.9327	10	0.9082	••❚•••••❚
81	Zug Capital/27	OTH	9	2	6	116	186	205	1	A+	0.0026	4380	0.9327	10	0.9082	•❚••••••❚
82	Zug Capital/02	OTH	9	2	10	114	166	228	2	A+	0.0051	4420	0.9324	10	0.9081	❚••••••❚•
83	Amforc/2	TVP	9	1	7	56	75	133	0	A+	0	4520	0.9323	3	0.9606	•••••••❚•
84	Mermaid	TVP	9	4	6	226	335	400	9	A	0.0121	4155	0.9323	15	0.8706	••••❚❚❚•❚
85	POLKACHU.COM/02	OTH	9	3	5	170	296	270	2	A+	0.0035	4186	0.9321	3	0.9605	❚❚••❚••••
86	F9KSKH...K8EQVH	100C	9	3	6	170	321	242	2	A+	0.0035	4180	0.9319	100	0.233	••❚❚••❚••
87	Paradox/1KV 🌎️	TVP	9	2	8	112	180	201	0	A+	0	4310	0.9319	15	0.8705	•••❚••❚••
88	GhMryB...3byTJC	100C	9	2	3	116	0	394	3	A+	0.0076	4450	0.9317	100	0.2329	•❚•❚•••••
89	Zug Capital/58	OTH	9	3	6	170	220	349	3	A+	0.0052	4206	0.9316	10	0.9079	••❚❚❚••••
90	Zug Capital/24	OTH	9	1	2	58	102	103	0	A+	0	4500	0.9315	10	0.9079	❚••••••••
91	CuGiAb...VJWFMz	100C	9	1	6	57	127	78	0	A+	0	4500	0.9315	100	0.2329	•••••••❚•
92	RYABINA/ [7] T.ME/KUSAMA_BOT	OTH	9	2	9	114	119	282	3	A+	0.0074	4440	0.9314	3	0.9603	•••❚•••❚•
93	ALLNODES/⚡️2	TVP	9	2	10	114	105	270	0	A+	0	4290	0.9311	5	0.9453	•❚••••••❚
94	pathrocknetwork/pathrocknetwork1	OTH	9	2	9	114	166	227	0	A+	0	4290	0.9311	6	0.9378	••••❚❚•••
95	Zug Capital/80	OTH	9	2	11	112	209	178	0	A+	0	4290	0.9311	10	0.9078	•••❚••••❚
96	Zug Capital/59	OTH	9	2	4	116	205	165	3	A+	0.008	4440	0.9309	10	0.9077	••❚•••••❚
97	Staker Space/3	TVP	9	1	3	57	76	121	0	A+	0	4480	0.9307	4	0.9527	••••••••❚
98	CaKh7H...pLYTH4	100C	9	1	8	56	49	152	0	A+	0	4480	0.9307	100	0.2327	•••••••❚•
99	Paradox/1KV 🌍️	TVP	9	2	3	114	204	173	0	A+	0	4280	0.9307	15	0.8702	❚••••❚•••
100	Zug Capital/77	OTH	9	2	3	112	225	165	1	A+	0.0026	4320	0.9303	10	0.9076	❚••••••❚•
101	Binance_ksm_32	100C	9	2	4	114	174	209	1	A+	0.0026	4320	0.9303	100	0.2326	•••••❚••❚
102	H1dn2H...sBrxXE	100C	9	1	8	58	65	143	1	A+	0.0048	4560	0.9303	100	0.2326	•••❚•••••
103	turboflakes.io/COCO	TVP	9	4	10	228	370	394	16	A	0.0205	4260	0.9301	3	0.96	••❚❚❚•❚••
104	F8VqVB...BK6NFY	100C	9	2	3	114	178	212	2	A+	0.0051	4360	0.93	100	0.2325	•••❚•❚•••
105	GATOTECH/UK1	TVP	9	1	5	58	58	149	0	A+	0	4460	0.93	10	0.9075	•••••••❚•
106	POLKACHU.COM/03	OTH	9	1	4	58	105	101	0	A+	0	4460	0.93	3	0.96	•••❚•••••
107	BINANCE_KSM_10	100C	9	5	1	286	383	564	30	A	0.0307	4252	0.9299	100	0.2325	❚❚❚••❚❚••
108	DOZENODES.COM	TVP	9	2	7	116	191	213	3	A+	0.0074	4400	0.9299	3	0.96	❚•••❚••••
109	PDP_Validator	TVP	6	2	7	114	197	189	1	A+	0.0026	4300	0.9295	15	0.8699	___❚••❚••
110	Jaco/v30	OTH	9	2	5	112	232	146	0	A+	0	4250	0.9295	3	0.9599	❚❚•••••••
111	ParaNodes.io/06🚀	OTH	9	1	7	56	94	107	1	A+	0.005	4540	0.9294	3	0.9598	•••••••❚•
112	Jaco/v23	OTH	9	4	3	228	288	462	13	A	0.017	4175	0.9294	3	0.9598	❚•❚❚❚••••
113	ParaNodes.io/05🚀 	OTH	9	2	7	114	249	139	2	A+	0.0051	4340	0.9292	3	0.9598	❚••❚•••••
114	IN SPB - 🍾🥂🍷🍹🍸	TVP	6	1	6	58	121	81	0	A+	0	4440	0.9292	10	0.9073	___••••❚•
115	Antrome	OTH	6	1	3	56	105	95	0	A+	0	4440	0.9292	10	0.9073	___❚•••••
116	RYABINA/ [6] T.ME/KUSAMA_BOT	OTH	9	1	10	58	75	119	0	A+	0	4440	0.9292	3	0.9598	•••••❚•••
117	Zug Capital/95	OTH	9	3	8	172	271	299	6	A	0.0104	4240	0.9291	10	0.9073	•❚❚❚•••••
118	D6Sxad...Sv5pou	100C	9	3	7	174	1	563	6	A	0.0105	4233	0.9287	100	0.2322	•❚••❚❚•••
119	FmM6Dz...J8XgLh	100C	9	2	11	114	157	225	0	A+	0	4230	0.9287	100	0.2322	•❚❚••••••
120	F5ZVEQ...rTHcKw	100C	9	3	6	172	0	561	4	A+	0.0071	4166	0.9287	100	0.2322	••❚•❚❚•••
121	STAKENODE | VALIDATOR ALLIANCE	TVP	9	1	5	58	41	165	1	A+	0.0048	4520	0.9287	5	0.9447	••••❚••••
122	🗻Basecamp/Denali	TVP	9	1	6	56	71	130	1	A+	0.005	4520	0.9286	10	0.9071	•••••••❚•
123	HYeX4C...7XB8v5	100C	9	2	3	114	157	235	2	A+	0.0051	4320	0.9284	100	0.2321	❚•••••••❚
124	MC/02	TVP	6	1	4	58	73	128	0	A+	0	4420	0.9284	15	0.8696	___❚•••••
125	Zug Capital/32	OTH	9	1	7	58	134	55	0	A+	0	4420	0.9284	10	0.9071	••••••❚••
126	Zug Capital/39	OTH	9	2	3	112	233	142	0	A+	0	4220	0.9283	10	0.9071	••••••❚❚•
127	HrkSSr...NNtWXg	100C	9	2	6	114	126	262	0	A+	0	4220	0.9283	100	0.2321	•••❚❚••••
128	Jaco/v17	OTH	9	4	4	227	298	464	16	A	0.0206	4215	0.9283	3	0.9596	❚❚••❚••❚•
129	ZKValidator/ZKValidator1	OTH	9	2	4	116	5	385	2	A+	0.0051	4310	0.928	10	0.907	•❚••❚••••
130	Zug Capital/74	OTH	6	2	5	114	153	233	1	A+	0.0026	4260	0.928	10	0.907	___••❚••❚
131	Swiss Bond	TVP	9	2	6	114	172	195	0	A+	0	4210	0.9279	3	0.9595	❚•••••❚••
132	Binance_ksm_29	100C	9	2	6	116	225	154	2	A+	0.0052	4310	0.9279	100	0.232	•❚•••❚•••
133	Eat Pray Validate 🍴🙏🖥/EPV2	TVP	9	1	6	58	159	43	1	A+	0.0049	4500	0.9278	10	0.907	••❚••••••
134	FfanGR...v6fDFE	100C	9	1	4	58	118	88	0	A+	0	4400	0.9276	100	0.2319	•••••••❚•
135	PROOF/bulletproof	TVP	3	1	3	58	89	111	0	A+	0	4400	0.9276	10	0.9069	❚••______
136	Polkadotters/🐋 WHALE	OTH	9	1	2	58	0	199	0	A+	0	4400	0.9276	8	0.9219	••••••••❚
137	Stake Plus/02	TVP	3	1	4	58	52	148	0	A+	0	4400	0.9276	10	0.9069	❚••______
138	Maidan_UA/02	TVP	9	2	7	114	279	108	1	A+	0.0026	4250	0.9276	15	0.8694	•••❚••••❚
139	blockdaemon😈/😈11	OTH	9	2	3	114	203	178	2	A+	0.0052	4300	0.9276	5	0.9444	••❚••❚•••
140	BINANCE_KSM_11	100C	9	2	5	116	225	169	5	A	0.0125	4440	0.9275	100	0.2319	•••❚•••❚•
141	CP287-CLOUDWALK	OTH	9	1	8	58	71	135	2	A+	0.0096	4580	0.9274	3	0.9594	•••❚•••••
142	DYNbaC...3UCewm	100C	9	2	7	115	213	170	2	A+	0.0052	4290	0.9272	100	0.2318	•❚•••❚•••
143	SPARTA	TVP	9	2	6	114	233	162	4	A	0.01	4380	0.9271	10	0.9068	•••❚•••❚•
144	E2mSyo...oxRBGn	100C	9	3	5	172	0	566	9	A	0.0157	4286	0.927	100	0.2317	❚•••••❚•❚
145	klever	TVP	9	2	7	114	142	242	3	A+	0.0078	4330	0.9268	3	0.9592	•••••❚••❚
146	HbXt5M...YsPd2g	100C	9	1	2	56	55	140	0	A+	0	4380	0.9268	100	0.2317	••❚••••••
147	FkgmDB...tGoxRU	100C	9	1	3	58	94	101	0	A+	0	4380	0.9268	100	0.2317	•••••❚•••
148	Binance_ksm_30	100C	9	2	4	112	167	215	1	A+	0.0026	4230	0.9268	100	0.2317	••••••❚•❚
149	ParaNodes.io/15🚀 	OTH	9	3	8	172	322	259	9	A	0.0153	4266	0.9265	3	0.9591	••❚❚❚••••
150	Zug Capital/94	OTH	9	1	4	58	77	122	2	A	0.01	4560	0.9264	10	0.9066	••••••••❚
151	Efm7nQ...R9hMod	100C	9	2	5	113	330	45	0	A+	0	4170	0.9264	100	0.2316	❚•••••••❚
152	Polkadotters/🦈 SHARK	OTH	9	1	8	58	1	192	0	A+	0	4360	0.926	8	0.9215	••••••••❚
153	Zug Capital/55	OTH	9	2	9	115	207	175	3	A+	0.0078	4310	0.926	10	0.9065	••❚••❚•••
154	Binance_ksm_26	100C	9	3	4	172	279	292	8	A	0.0138	4226	0.926	100	0.2315	•••❚••❚•❚
155	EX87K5...uW64Jy	100C	9	2	7	112	148	233	1	A+	0.0026	4210	0.926	100	0.2315	❚•❚••••••
156	Gmqbaf...KLp3j8	100C	9	2	2	114	183	195	1	A+	0.0026	4210	0.926	100	0.2315	•••••❚••❚
157	Zug Capital/19	OTH	9	2	4	114	226	147	1	A+	0.0027	4210	0.9259	10	0.9065	••••❚•❚••
158	EarnX/EarnX2	TVP	9	2	3	114	173	221	4	A	0.0101	4350	0.9259	10	0.9065	•••••••❚❚
159	Zug Capital/61	OTH	9	4	4	228	343	406	17	A	0.0222	4185	0.9259	10	0.9065	❚❚•••❚•❚•
160	J9iReV...y4WHqu	100C	9	2	9	112	179	196	0	A+	0	4150	0.9256	100	0.2314	••❚••❚•••
161	FSZkSV...xAuybd	100C	9	2	11	116	138	261	7	A	0.0172	4480	0.9256	100	0.2314	❚•❚••••••
162	Zug Capital/35	OTH	9	1	4	58	153	53	1	A+	0.0048	4440	0.9255	10	0.9064	•••••••❚•
163	FqqMWJ...4LcfR2	100C	9	1	4	58	42	163	1	A+	0.0049	4440	0.9255	100	0.2314	•••❚•••••
164	Binance_ksm_28	100C	9	1	7	58	124	65	0	A+	0	4340	0.9253	100	0.2313	••••••••❚
165	🌐 decentraDOT.com 🌐	TVP	9	1	7	58	1	195	0	A+	0	4340	0.9253	15	0.8688	❚••••••••
166	STAKE.SU	TVP	9	1	9	58	193	3	0	A+	0	4340	0.9253	3	0.9588	❚••••••••
167	Staker Space	TVP	9	2	8	112	294	81	0	A+	0	4140	0.9252	4	0.9513	•••❚❚••••
168	D16gJg...yTRYS5	100C	9	2	5	112	229	151	2	A+	0.0052	4240	0.9252	100	0.2313	••❚❚•••••
169	Zug Capital/68	OTH	9	3	8	172	253	315	7	A	0.0122	4173	0.9251	10	0.9063	••❚❚•❚•••
170	Zug Capital/83	OTH	9	1	7	56	91	108	1	A+	0.005	4420	0.9246	10	0.9062	•••❚•••••
171	CrQ6SE...6qQwWx	100C	9	1	4	58	0	194	1	A+	0.0051	4420	0.9245	100	0.2311	❚••••••••
172	Jaco/v29	OTH	9	1	6	58	62	137	0	A+	0	4320	0.9245	3	0.9586	••••❚••••
173	Zug Capital/67	OTH	9	1	3	58	96	92	0	A+	0	4320	0.9245	10	0.9061	•❚•••••••
174	Agave	TVP	9	1	2	58	82	114	0	A+	0	4320	0.9245	15	0.8686	•••••❚•••
175	EaArxY...VeXbqD	100C	9	1	2	58	1	187	0	A+	0	4320	0.9245	100	0.2311	•❚•••••••
176	DAS5yJ...aBnjY6	100C	9	2	8	114	196	177	0	A+	0	4120	0.9244	100	0.2311	••❚••❚•••
177	Gh3JBE...heeJed	100C	9	2	4	116	4	371	0	A+	0	4120	0.9244	100	0.2311	••••••❚❚•
178	BINANCE_KSM_8	100C	9	2	3	116	237	154	4	A	0.0101	4310	0.9243	100	0.2311	❚•❚••••••
179	binance_ksm_5	100C	9	2	8	116	157	223	4	A	0.0104	4310	0.924	100	0.231	❚•••••••❚
180	Amforc/1	TVP	9	2	3	114	281	92	0	A+	0	4110	0.924	3	0.9585	••••❚❚•••
181	Db1wWk...k2221H	100C	9	3	10	170	15	519	1	A+	0.0019	3946	0.924	100	0.231	••❚•❚❚•••
182	EVERSTAKE	OTH	9	1	5	58	108	91	1	A+	0.005	4400	0.9239	10	0.906	•❚•••••••
183	Zug Capital/38	OTH	9	2	6	116	141	256	6	A	0.0149	4390	0.9238	10	0.906	•••❚❚••••
184	Binance_ksm_22	100C	9	1	5	56	94	102	1	A+	0.0051	4400	0.9238	100	0.2309	••••••••❚
185	HRADJU...5BBABQ	100C	9	2	4	114	226	160	3	A+	0.0077	4250	0.9237	100	0.2309	••❚•❚••••
186	Zug Capital/53	OTH	3	1	2	56	104	88	0	A+	0	4300	0.9237	10	0.9059	••❚______
187	JEyqFM...JADY3K	100C	9	1	6	58	98	91	0	A+	0	4300	0.9237	100	0.2309	•••••❚•••
188	validierung.cc 🇩🇪	OTH	9	3	3	171	296	266	10	A	0.0175	4233	0.9235	3	0.9584	••❚••❚•❚•
189	Zug Capital/82	OTH	9	1	4	56	80	122	2	A+	0.0098	4480	0.9234	10	0.9058	•••••••❚•
190	blockdaemon😈/😈4	OTH	6	1	3	58	61	141	2	A+	0.0098	4480	0.9234	5	0.9433	___•••••❚
191	Eric/BladeRunner2	OTH	9	2	6	114	82	295	3	A+	0.0079	4240	0.9232	3	0.9583	•❚••❚••••
192	DragonStake 🐲/02	OTH	9	3	7	173	298	273	10	A	0.0172	4213	0.9229	3	0.9582	❚•••••❚❚•
193	Binance_ksm_21	100C	9	2	3	112	265	119	3	A+	0.0078	4230	0.9229	100	0.2307	•••••••❚❚
194	Zug Capital/79	OTH	9	1	4	56	65	131	0	A+	0	4280	0.9229	10	0.9057	•••••••❚•
195	FGE4Hs...5rKCqv	100C	9	1	8	58	71	127	0	A+	0	4280	0.9229	100	0.2307	••••❚••••
196	Zug Capital/15	OTH	9	2	5	114	173	199	1	A+	0.0027	4130	0.9228	10	0.9057	••••❚•❚••
197	Zug Capital/37	OTH	9	3	6	168	243	318	7	A	0.0123	4113	0.9227	10	0.9057	••••❚•❚❚•
198	synclub-3	100C	9	1	7	58	78	131	3	A	0.0142	4540	0.9225	100	0.2306	•••••••❚•
199	J4svvi...4mVCxn	OTH	9	2	10	116	2	377	4	A	0.0104	4270	0.9225	15	0.8681	•••••❚❚••
200	Gbj5Z9...NkpWaE	100C	9	2	1	114	181	188	2	A+	0.0054	4170	0.9223	100	0.2306	❚❚•••••••
201	Jaco/v31	OTH	9	4	5	231	421	365	27	A	0.0332	4305	0.9223	3	0.9581	❚••❚❚••❚•
202	🗻Basecamp/Everest	TVP	6	2	5	114	128	258	5	A	0.0128	4310	0.9223	10	0.9056	___••❚•❚•
203	EarnX	TVP	9	2	4	114	118	268	4	A	0.0103	4260	0.9222	10	0.9056	••••❚•••❚
204	J6MZen...mbWTi5	100C	9	1	7	58	181	11	1	A+	0.0052	4360	0.9222	100	0.2305	••••••••❚
205	Paramito/1	TVP	9	3	5	171	315	255	10	A	0.0172	4193	0.9221	3	0.958	❚•••❚•••❚
206	Gt5SAa...mSkgBv	100C	9	2	7	113	252	117	0	A+	0	4050	0.9217	100	0.2304	•❚••❚••••
207	BLACKMIRROR/BLACKMIRROR7	100C	9	2	5	116	3	372	4	A	0.0106	4250	0.9216	100	0.2304	•••❚•❚•••
208	ALLNODES/⚡️1	TVP	9	1	6	58	74	119	1	A+	0.0052	4340	0.9214	5	0.9428	•❚•••••••
209	⛓ NOVY ⛓ 	TVP	9	2	6	114	140	243	4	A	0.0103	4240	0.9214	6	0.9353	•••❚❚••••
210	The Badger Lab Validators Co.	TVP	6	1	8	58	123	68	1	A+	0.0052	4340	0.9213	10	0.9053	___•••❚••
211	H5AQq7...dTFrNj	100C	9	2	3	114	0	393	5	A	0.0126	4280	0.9213	100	0.2303	•••❚••••❚
212	Zug Capital/30	OTH	9	2	8	114	189	185	1	A+	0.0027	4090	0.9213	10	0.9053	••••❚•••❚
213	HKkbSo...FP1nkU	100C	9	3	2	172	0	565	11	A	0.0191	4206	0.9212	100	0.2303	❚•❚••❚•••
214	Zug Capital/43	OTH	9	2	3	114	177	200	3	A+	0.0079	4190	0.9212	10	0.9053	❚❚•••••••
215	Jaco/v25	OTH	9	2	6	116	224	168	5	A	0.0126	4280	0.9212	3	0.9578	••••❚••❚•
216	POLKACHU.COM	TVP	9	2	7	113	145	227	2	A+	0.0053	4140	0.9212	3	0.9578	•❚••••••❚
217	Cypher Labs	TVP	9	2	8	112	186	186	3	A+	0.008	4190	0.9212	3	0.9578	••••❚❚•••
218	DBQYhW...aMYt39	100C	9	1	5	58	0	206	4	A	0.019	4600	0.9211	100	0.2303	•••❚•••••
219	michalis/meraki	TVP	9	3	9	172	222	345	12	A	0.0207	4233	0.9211	10	0.9053	•❚❚•❚••••
220	Chorus One/1	OTH	9	1	5	58	0	205	3	A	0.0144	4500	0.9207	8	0.9202	❚••••••••
221	Zug Capital/75	OTH	9	1	6	56	137	57	0	A+	0	4220	0.9206	10	0.9051	•••••••❚•
222	Fc9ohc...pTm2vp	100C	9	1	6	58	1	187	1	A+	0.0053	4320	0.9205	100	0.2301	••••••••❚
223	ilgio	TVP	6	2	5	116	288	88	2	A+	0.0053	4120	0.9205	15	0.8676	___•❚•••❚
224	E5R5Yc...XSBqjK	100C	9	2	6	116	2	384	5	A	0.0128	4260	0.9203	100	0.2301	❚•••••••❚
225	JLeppf...k4vnJq	100C	9	6	3	341	1	1097	52	A	0.0452	4083	0.9202	100	0.23	❚❚•❚❚•❚•❚
226	DyrkxX...tWR29P	100C	9	2	5	116	0	386	5	A	0.0128	4250	0.9199	100	0.23	••••••❚❚•
227	Binary Holdings 💰/0001	TVP	9	1	5	58	3	192	1	A+	0.0051	4300	0.9199	3	0.9575	•••••••❚•
228	Jaco/v22	OTH	9	2	6	112	173	204	4	A	0.0105	4200	0.9197	3	0.9574	••••❚•••❚
229	CyvP8i...2eebdh	100C	9	2	7	112	211	158	1	A+	0.0027	4050	0.9197	100	0.2299	•❚••••••❚
230	E18mxk...4C4vwK	100C	9	2	4	112	224	141	1	A+	0.0027	4040	0.9192	100	0.2298	•❚••❚••••
231	DwyZf4...bYpSYG	100C	9	3	8	170	1	547	3	A+	0.0054	3893	0.9192	100	0.2298	••❚•❚•❚••
232	Jaco/v03	OTH	9	2	4	114	259	113	4	A	0.0106	4190	0.9192	3	0.9573	••••••❚•❚
233	Zug Capital/91	OTH	9	2	9	116	214	152	2	A+	0.0054	4090	0.9192	10	0.9048	••••❚❚•••
234	Zug Capital/87	OTH	9	2	8	114	162	204	5	A	0.0135	4240	0.919	10	0.9048	•❚❚••••••
235	F3xAZi...jSFYJL	100C	9	1	6	56	74	109	0	A+	0	4180	0.919	100	0.2297	••••••❚••
236	GZugND...4R4WuA	100C	9	1	6	56	70	115	0	A+	0	4180	0.919	100	0.2297	••••••••❚
237	HjnviN...iRUH6r	100C	9	1	6	56	83	101	0	A+	0	4180	0.919	100	0.2297	••❚••••••
238	DPk67V...aRakzC	100C	9	1	8	56	76	110	0	A+	0	4180	0.919	100	0.2297	••••❚••••
239	Cuky2C...ZnxLFH	100C	9	1	3	56	61	129	0	A+	0	4180	0.919	100	0.2297	••••❚••••
240	Zug Capital/25	OTH	9	1	6	56	76	107	0	A+	0	4180	0.919	10	0.9047	••••••❚••
241	DUwcND...zxcTBi	100C	9	1	2	56	113	78	0	A+	0	4180	0.919	100	0.2297	••••❚••••
242	Zug Capital/11	OTH	9	1	6	58	129	58	0	A+	0	4180	0.919	10	0.9047	•❚•••••••
243	GF9v23...W5AYwp	100C	9	1	6	56	59	130	1	A+	0.0053	4280	0.919	100	0.2297	❚••••••••
244	RYABINA/ [12] T.ME/KUSAMA_BOT	OTH	9	1	8	56	60	141	3	A	0.0147	4460	0.9189	3	0.9572	•••••••❚•
245	RYABINA/ [2] T.ME/KUSAMA_BOT	OTH	9	2	8	114	304	62	1	A+	0.0027	4030	0.9189	3	0.9572	•••••❚❚••
246	SILICON	TVP	6	2	2	114	204	186	5	A	0.0127	4220	0.9188	10	0.9047	___••❚•❚•
247	Zug Capital/49	OTH	9	2	6	112	147	222	3	A+	0.0081	4130	0.9188	10	0.9047	❚•••••❚••
248	DQL7BV...43aaur	100C	9	1	4	58	95	109	2	A+	0.0097	4360	0.9188	100	0.2297	•••❚•••••
249	Jaco/v19	OTH	9	2	8	116	235	158	6	A	0.015	4260	0.9186	3	0.9572	••••❚••❚•
250	Khastor	TVP	3	1	8	56	73	126	2	A	0.01	4360	0.9186	10	0.9046	••❚______
251	Cgacca...zJfq6A	100C	9	2	6	114	205	185	6	A	0.0152	4260	0.9185	100	0.2296	•••❚•••❚•
252	Zug Capital/76	OTH	9	2	7	116	183	218	11	A	0.0267	4480	0.9185	10	0.9046	••••❚••❚•
253	Titan Nodes/CRONUS	TVP	3	1	2	58	78	112	2	A	0.0104	4360	0.9182	15	0.8671	•❚•______
254	Staking4All 🥩	TVP	9	1	7	56	140	48	0	A+	0	4160	0.9182	3	0.9571	•❚•••••••
255	Zug Capital/42	OTH	9	1	5	56	82	106	0	A+	0	4160	0.9182	10	0.9046	•••••❚•••
256	ParaNodes.io/13🚀	OTH	9	1	9	56	138	47	0	A+	0	4160	0.9182	3	0.9571	•••••❚•••
257	KSMNETWORK	TVP	9	1	7	56	3	184	0	A+	0	4160	0.9182	10	0.9046	••••••••❚
258	Zug Capital/69	OTH	9	1	4	56	94	94	1	A+	0.0053	4260	0.9182	10	0.9045	•••••❚•••
259	CRYPTONYC	TVP	6	1	4	58	119	89	4	A	0.0189	4520	0.9181	15	0.867	___••••❚•
260	EqVmnv...r9fFuV	OTH	9	3	6	171	322	247	15	A	0.0257	4253	0.9181	10	0.9045	••❚•❚❚•••
261	PIME/TARADOX	TVP	3	1	3	56	107	80	1	A+	0.0053	4260	0.9181	10	0.9045	❚••______
262	Zug Capital/60	OTH	9	2	6	114	137	236	5	A	0.0132	4210	0.918	10	0.9045	❚••••❚•••
263	RYABINA/ [9] T.ME/KUSAMA_BOT	OTH	9	2	4	116	199	172	5	A	0.0133	4210	0.918	3	0.957	••••❚❚•••
264	Zug Capital/44	OTH	9	2	5	112	226	138	3	A+	0.0082	4110	0.9179	10	0.9045	•❚❚••••••
265	Cg2efT...Dj1p3b	100C	9	2	8	112	105	257	0	A+	0	3950	0.9178	100	0.2294	❚••••••❚•
266	DTCYio...tmwyj4	100C	9	2	4	113	0	359	2	A+	0.0055	4050	0.9175	100	0.2294	•❚••••❚••
267	ANGL/Azazel	TVP	9	2	6	115	177	205	6	A	0.0155	4240	0.9175	10	0.9044	••••••❚❚•
268	H1usBX...Bij1ZV	100C	9	1	7	58	43	160	3	A	0.0146	4420	0.9175	100	0.2294	•••••••❚•
269	JA3Zi2...ZihJ4n	100C	9	1	4	56	5	176	0	A+	0	4140	0.9174	100	0.2294	❚••••••••
270	F9C1TG...oQmimC	100C	9	1	8	56	124	57	0	A+	0	4140	0.9174	100	0.2294	•❚•••••••
271	✨Zizzle✨/🌟	TVP	9	1	9	56	108	80	1	A+	0.0053	4240	0.9174	15	0.8668	••❚••••••
272	BlockCtrl	TVP	6	2	7	114	211	145	1	A+	0.0028	3990	0.9172	15	0.8668	___❚•❚•••
273	Gy9YGA...49dkHt	100C	9	1	10	57	67	130	3	A	0.015	4420	0.9171	100	0.2293	•••❚•••••
274	EtwW3f...VYYauq	OTH	9	2	8	114	244	136	6	A	0.0155	4230	0.9171	50	0.6043	❚•❚••••••
275	D8wuBB...wnSF9X	100C	9	2	7	115	2	372	4	A	0.0106	4130	0.9169	100	0.2292	❚••❚•••••
276	gtstaking/01	TVP	6	1	6	58	107	91	1	A+	0.005	4220	0.9168	15	0.8667	___•❚••••
277	Generic-Chain/KA02	TVP	9	1	5	56	57	128	0	A+	0	4120	0.9166	3	0.9567	•••••❚•••
278	Zug Capital/93	OTH	9	1	2	56	141	44	0	A+	0	4120	0.9166	10	0.9042	•••••❚•••
279	J3rUKW...wmUJZz	100C	9	1	8	58	1	186	1	A+	0.0053	4220	0.9166	100	0.2291	•❚•••••••
280	ANAMIX	TVP	9	1	7	58	119	81	3	A	0.0148	4400	0.9165	3	0.9566	•••••❚•••
281	stellarjet/STELLARJET_NEXT	TVP	6	2	5	112	94	277	8	A	0.0211	4320	0.9164	15	0.8666	___❚•❚•••
282	FXC1S5...vpd8jT	100C	9	2	6	115	101	291	7	A	0.0175	4250	0.9164	100	0.2291	❚••••••❚•
283	Jaco/v01	OTH	9	3	6	169	302	254	13	A	0.0228	4146	0.9161	3	0.9565	•❚❚•••••❚
284	binance_ksm_33	100C	9	1	6	58	60	135	2	A	0.0102	4300	0.9161	100	0.229	••❚••••••
285	Zug Capital/96	OTH	9	2	13	114	241	132	6	A	0.0158	4210	0.9161	10	0.904	❚•••❚••••
286	Cz3wH5...RftpKt	100C	9	1	7	56	1	192	1	A+	0.0052	4200	0.9159	100	0.229	••••❚••••
287	HbpEvw...NyaF4x	100C	9	1	4	56	104	76	0	A+	0	4100	0.9159	100	0.229	••••••❚••
288	ParaNodes.io/02🚀	OTH	9	1	5	56	94	90	0	A+	0	4100	0.9159	3	0.9565	•❚•••••••
289	HnJ3u6...X9RnMB	100C	9	1	9	56	78	110	0	A+	0	4100	0.9159	100	0.229	••❚••••••
290	STAKE.ZONE	TVP	9	1	3	56	66	116	0	A+	0	4100	0.9159	3	0.9565	•❚•••••••
291	D6Rbvo...YomREs	100C	9	1	6	58	140	50	1	A+	0.0052	4200	0.9159	100	0.229	••••••••❚
292	Db9b1b...K6ByLu	OTH	9	3	2	170	2	555	11	A	0.0194	4073	0.9158	10	0.904	•••❚❚•••❚
293	RMRK Multisig	OTH	9	2	5	115	2	393	9	A	0.0223	4320	0.9155	5	0.9414	••••❚••❚•
294	binance_ksm_42	100C	9	2	2	116	140	252	9	A	0.0224	4320	0.9154	100	0.2289	••••❚••❚•
295	BLACKMIRROR/BLACKMIRROR51	100C	9	2	5	116	7	358	5	A	0.0135	4140	0.9151	100	0.2288	•❚❚••••••
296	LuckyFriday.io/🍀 KSM 02 🍀	TVP	9	1	2	56	76	125	3	A	0.0147	4360	0.915	15	0.8663	•••❚•••••
297	ParaNodes.io/07🚀 	OTH	9	2	4	114	158	215	7	A	0.0184	4230	0.9149	3	0.9562	•❚•••••❚•
298	BRUMMIE	TVP	6	2	11	116	259	124	5	A	0.0129	4120	0.9148	10	0.9037	___•❚••❚•
299	BLACKMIRROR/BLACKMIRROR13	100C	9	2	5	114	3	373	7	A	0.0183	4220	0.9146	100	0.2287	•••❚••❚••
300	LuckyFriday.io/🍀 KSM 05 🍀	OTH	9	3	6	168	227	355	18	A	0.03	4240	0.9144	3	0.9561	•••❚❚••❚•
301	Zug Capital/54	OTH	9	1	4	58	121	71	2	A	0.0103	4260	0.9144	10	0.9036	•••••••❚•
302	Zug Capital/31	OTH	9	2	2	114	183	198	6	A	0.0155	4160	0.9144	10	0.9036	••••❚❚•••
303	DOZENODES.COM/1	TVP	3	1	2	56	104	86	2	A	0.0104	4260	0.9143	15	0.8661	••❚______
304	blockdaemon😈/😈10	OTH	9	1	4	56	173	3	0	A+	0	4060	0.9143	5	0.9411	•❚•••••••
305	Uno Staking	TVP	3	1	1	56	95	86	0	A+	0	4060	0.9143	10	0.9036	•❚•______
306	🏢 Ministry Of Blocks 🏢	TVP	9	1	8	56	61	128	1	A+	0.0053	4160	0.9143	10	0.9036	❚••••••••
307	pathrocknetwork	TVP	9	1	3	56	0	188	1	A+	0.0053	4160	0.9142	3	0.9561	•••❚•••••
308	Zug Capital/50	OTH	9	1	6	56	78	110	2	A	0.0105	4260	0.9142	10	0.9036	••❚••••••
309	P2P.ORG/30	OTH	9	2	4	114	187	212	9	A	0.0221	4280	0.9141	3	0.956	•••❚•••❚•
310	BLACKMIRROR/BLACKMIRROR16	100C	9	3	3	172	1	559	13	A	0.0227	4093	0.9141	100	0.2285	••❚❚❚••••
311	BLACKMIRROR/BLACKMIRROR18	100C	9	2	6	112	0	366	4	A	0.0108	4060	0.914	100	0.2285	•❚••••••❚
312	Dionysus🍇/IV	OTH	9	1	7	58	0	196	3	A	0.0151	4340	0.9139	3	0.956	••••••••❚
313	Eg48km...KtjTXR	OTH	9	2	4	114	318	34	1	A+	0.0028	3900	0.9137	20	0.8284	••••••❚•❚
314	E3JZi2...UmDS77	OTH	9	1	6	56	74	119	2	A	0.0103	4240	0.9137	20	0.8284	•••❚•••••
315	Zug Capital/21	OTH	9	1	6	56	96	95	2	A	0.0104	4240	0.9136	10	0.9034	•••❚•••••
316	Brightlystake	TVP	9	2	5	112	116	243	4	A	0.011	4050	0.9134	10	0.9034	•••••❚❚••
317	CertHum MaxStake/V02	TVP	3	1	2	56	123	61	1	A+	0.0054	4140	0.9134	10	0.9033	❚••______
318	binance_ksm_4	100C	9	3	5	168	203	354	16	A	0.0279	4173	0.9133	100	0.2283	••••••❚❚❚
319	DSphmt...8joXsJ	OTH	9	2	3	116	134	268	12	A	0.029	4380	0.9129	50	0.6032	•••••••❚❚
320	DJXw7P...NrcmRK	100C	9	3	3	170	137	434	18	A	0.0306	4206	0.9126	100	0.2282	•••••❚•❚❚
321	Zug Capital/64	OTH	9	1	4	56	69	118	2	A	0.0106	4220	0.9126	10	0.9032	•••••❚•••
322	Zug Capital/84	OTH	9	1	6	56	95	89	1	A+	0.0054	4120	0.9126	10	0.9031	•❚•••••••
323	blockdaemon😈/😈2	OTH	9	1	4	58	69	117	3	A	0.0159	4320	0.9126	5	0.9406	•❚•••••••
324	CiKJhU...p8xcEn	100C	9	2	6	114	110	280	11	A	0.0274	4340	0.9125	100	0.2281	•••❚•••❚•
325	STKD.io/01	TVP	6	2	5	112	178	182	3	A+	0.0083	3970	0.9124	5	0.9406	___❚•••❚•
326	GsozQo...3PkGAA	100C	9	2	3	112	208	182	11	A	0.0274	4330	0.9121	100	0.228	•••❚•••❚•
327	Zug Capital/97	OTH	9	2	5	114	217	170	8	A	0.0203	4190	0.912	10	0.903	••❚•❚••••
328	Kinematiks Labs ⚗️	TVP	9	2	9	116	185	204	13	A	0.0323	4420	0.9119	3	0.9555	•••••••❚❚
329	Zug Capital/72	OTH	9	1	4	56	114	73	1	A+	0.0053	4100	0.9119	10	0.903	••❚••••••
330	ParaNodes.io/08🚀 	OTH	9	1	10	58	127	58	1	A+	0.0054	4100	0.9118	3	0.9555	••••••❚••
331	CjNjDF...iYepQd	100C	9	1	9	56	79	101	2	A	0.011	4200	0.9115	100	0.2279	•❚•••••••
332	Titan Nodes	TVP	3	1	4	58	170	6	0	A+	0	3980	0.9112	15	0.8653	•❚•______
333	Jaco/v28	OTH	9	1	4	56	154	32	0	A+	0	3980	0.9112	3	0.9553	••••❚••••
334	P2P.ORG/81	OTH	9	1	7	56	151	32	0	A+	0	3980	0.9112	3	0.9553	❚••••••••
335	pathrocknetwork/pathrocknetwork2	OTH	9	1	8	58	54	148	5	A	0.0242	4440	0.9111	6	0.9328	••••❚••••
336	BLACKMIRROR/BLACKMIRROR36	100C	6	3	4	172	2	543	13	A	0.0233	4026	0.9111	100	0.2278	___•••❚❚❚
337	Jaco/v09	OTH	9	1	3	56	60	119	1	A+	0.0056	4080	0.9109	3	0.9552	••••••❚••
338	BLACKMIRROR/BLACKMIRROR1	100C	9	2	8	112	3	376	7	A	0.0181	4120	0.9108	100	0.2277	•••❚❚••••
339	BLACKMIRROR/BLACKMIRROR44	100C	9	1	15	56	0	196	3	A	0.0151	4260	0.9108	100	0.2277	•••❚•••••
340	BINANCE_KSM_7	100C	9	3	5	170	286	259	16	A	0.0285	4120	0.9108	100	0.2277	••••❚❚❚••
341	Jaco/v18	OTH	9	2	6	114	226	132	4	A	0.011	3980	0.9107	3	0.9552	•••••❚❚••
342	FNvkEm...7A5eu8	100C	9	2	3	114	0	370	7	A	0.0186	4120	0.9105	100	0.2276	•••❚••❚••
343	EPruma...93dGbs	100C	9	3	8	170	4	526	12	A	0.0221	3986	0.9104	100	0.2276	•❚•❚••••❚
344	CwhMkN...bXdFCK	100C	9	1	5	57	90	96	2	A	0.0106	4160	0.9102	100	0.2276	•••••❚•••
345	DragonStake 🐲/03	TVP	9	2	5	114	138	232	11	A	0.0289	4310	0.9102	3	0.9551	❚•❚••••••
346	DPoLBS...oLnw1s	OTH	9	1	5	56	71	113	2	A	0.0108	4160	0.9101	10	0.9025	••••••❚••
347	BLACKMIRROR/BLACKMIRROR29	100C	9	2	7	114	0	370	8	A	0.0212	4160	0.9101	100	0.2275	•••••❚••❚
348	CfPpST...wmyq8V	100C	9	3	3	174	327	241	19	A	0.0324	4173	0.91	100	0.2275	❚••❚•❚•••
349	ondin3	OTH	9	1	3	58	109	82	4	A	0.0205	4340	0.9099	20	0.8275	❚••••••••
350	♞GameTheory♜/v2	TVP	9	2	4	114	163	221	11	A	0.0278	4280	0.9098	10	0.9024	•••❚•❚•••
351	F5R35x...E3xATw	100C	9	1	6	56	0	190	3	A	0.0155	4240	0.9097	100	0.2274	❚••••••••
352	SAXEMBERG/SAXEMBERG 2	OTH	9	1	3	56	38	151	3	A	0.0156	4240	0.9096	3	0.9549	••❚••••••
353	Dionysus🍇/VI	OTH	9	3	11	168	3	551	16	A	0.0281	4080	0.9096	3	0.9549	❚•••••❚•❚
354	🧱 Bricksz  🧱	TVP	9	1	4	58	70	129	6	A	0.0293	4500	0.9096	3	0.9549	•••••••❚•
355	binance_ksm_39	100C	9	2	4	114	205	167	7	A	0.0185	4090	0.9094	100	0.2273	••••❚••❚•
356	Genesis Lab	TVP	6	2	7	114	160	229	11	A	0.0275	4260	0.9093	7	0.9248	___❚❚••••
357	LetzBake!	TVP	9	1	12	56	133	56	2	A	0.0105	4120	0.9088	3	0.9547	••❚••••••
358	Chorus One/2	OTH	9	1	7	56	1	183	2	A	0.0108	4120	0.9086	8	0.9171	•••••❚•••
359	Zug Capital/56	OTH	9	1	2	56	81	103	2	A	0.0108	4120	0.9086	10	0.9021	••••••❚••
360	Mitch-Wariner	TVP	3	2	2	114	136	254	13	A	0.0323	4330	0.9084	9	0.9096	❚•❚______
361	SAXEMBERG/SAXEMBERG 4	TVP	9	2	3	112	212	151	6	A	0.0163	4020	0.9083	3	0.9546	•••••❚❚••
362	BLACKMIRROR/BLACKMIRROR17	100C	9	1	6	58	0	190	4	A	0.0206	4300	0.9082	100	0.2271	•❚•••••••
363	EPpKWs...jSFL6v	OTH	9	1	5	58	42	143	3	A	0.016	4200	0.9078	15	0.8645	•••••❚•••
364	DARK-KUSAMA	TVP	6	2	3	114	200	167	7	A	0.0187	4050	0.9076	10	0.9019	___❚••❚••
365	Binance_ksm_34	100C	9	2	1	116	143	225	11	A	0.029	4240	0.9074	100	0.2268	•❚••••❚••
366	EBBtBm...txbamU	100C	9	3	6	172	1	562	20	A	0.0343	4140	0.9073	100	0.2268	❚❚❚••••••
367	FnvQiD...hJP6xz	100C	9	1	6	56	58	128	3	A	0.0159	4180	0.9071	100	0.2268	•••••❚•••
368	Jaco/v21	OTH	9	2	4	114	111	260	10	A	0.0262	4180	0.9071	3	0.9543	•••••❚••❚
369	JHiCs8...52qtXL	100C	9	1	4	58	140	42	2	A	0.0109	4080	0.9069	100	0.2267	••❚••••••
370	binance_ksm_2	100C	9	2	4	112	146	220	6	A	0.0161	3980	0.9069	100	0.2267	••••❚••❚•
371	Zug Capital/26	OTH	9	1	6	56	49	132	3	A	0.0163	4180	0.9068	10	0.9017	•••••❚•••
372	blockdaemon😈/😈7	OTH	9	1	2	58	151	33	0	A+	0	3860	0.9065	5	0.9391	•••••❚•••
373	Zug Capital/14	OTH	9	1	6	56	176	9	2	A	0.0107	4060	0.9063	10	0.9016	••❚••••••
374	CapitalStaking.com/2	TVP	3	2	1	116	187	194	11	A	0.0281	4190	0.9061	10	0.9015	•❚❚______
375	🍁 High/Stake 🥩/ZRH1	TVP	3	1	0	56	34	157	4	A	0.0205	4240	0.906	15	0.864	••❚______
376	BLACKMIRROR/BLACKMIRROR28	100C	9	1	9	56	1	175	2	A	0.0112	4060	0.9059	100	0.2265	••••••❚••
377	HHwPAH...wnxiu8	100C	9	4	2	226	340	383	30	A	0.0398	4010	0.9058	100	0.2264	•❚❚•❚•••❚
378	Ernst Kints/02	TVP	9	1	11	56	80	110	3	A	0.0155	4140	0.9058	15	0.8639	••❚••••••
379	Logantg	TVP	3	1	3	56	70	114	3	A	0.016	4140	0.9054	15	0.8638	❚••______
380	binance_ksm_37	100C	9	1	2	56	72	119	5	A	0.0255	4320	0.9053	100	0.2263	•••❚•••••
381	binance_ksm_41	100C	9	1	5	56	66	124	4	A	0.0206	4220	0.9051	100	0.2263	•••••••❚•
382	Ew5pPs...x7eCvv	100C	9	3	5	172	2	542	18	A	0.032	4040	0.9051	100	0.2263	••❚•❚❚•••
383	H7gNEP...vGqXCP	100C	9	4	6	226	0	742	36	A	0.0463	4110	0.9049	100	0.2262	❚••❚•••❚❚
384	E4StaS...cUshCH	100C	9	2	7	115	148	244	14	A	0.0345	4280	0.9048	100	0.2262	•••❚•••❚•
385	Jaco/v16	OTH	9	3	6	172	157	403	24	A	0.0411	4200	0.9045	3	0.9536	❚❚••••❚••
386	FJagnx...7Dc4SH	100C	9	1	4	58	1	187	5	A	0.0259	4300	0.9043	100	0.2261	••••••••❚
387	E87Wpc...HPi5dM	100C	9	4	4	225	215	518	34	A	0.0443	4050	0.904	100	0.226	•❚❚•❚••❚•
388	JKng1Q...3Ur8jQ	100C	9	3	7	170	135	424	23	A	0.0395	4153	0.9039	100	0.226	❚•❚•••❚••
389	DTMLUj...3Mc6wZ	100C	9	2	7	114	213	166	12	A	0.0307	4180	0.9038	100	0.2259	•❚❚••••••
390	G7e1aL...ycVCca	100C	9	2	6	116	88	284	10	A	0.0262	4090	0.9036	100	0.2259	••❚•••••❚
391	HTauJM...DG6ef2	100C	9	1	5	58	75	116	4	A	0.0205	4180	0.9036	100	0.2259	•••••••❚•
392	Khastor/???	TVP	3	1	2	58	55	134	5	A	0.0258	4280	0.9036	10	0.9009	••❚______
393	Zug Capital/89	OTH	9	1	8	56	108	68	2	A	0.0112	4000	0.9035	10	0.9009	••••••❚••
394	Jaco/v07	OTH	9	1	7	58	47	141	5	A	0.0259	4280	0.9035	3	0.9534	••••••••❚
395	E5kFWp...s1uFfv	100C	9	1	7	56	87	101	4	A	0.0208	4180	0.9034	100	0.2258	•••••••❚•
396	SAXEMBERG	OTH	9	2	6	114	99	281	14	A	0.0355	4250	0.9029	3	0.9532	••••••❚❚•
397	Binance_ksm_31	100C	9	2	3	115	123	251	14	A	0.0361	4260	0.9028	100	0.2257	•❚•••❚•••
398	Ffox2e...NTYpvP	100C	9	3	5	172	142	422	26	A	0.0441	4213	0.9028	100	0.2257	❚❚••••••❚
399	Binance_ksm_27	100C	9	2	7	116	138	239	14	A	0.0358	4250	0.9027	100	0.2257	•••••❚••❚
400	BINANCE_KSM_17	100C	9	1	8	56	70	102	2	A	0.0115	3980	0.9025	100	0.2256	•❚•••••••
401	Dwt2SC...1P75gg	100C	9	2	4	116	5	366	12	A	0.0313	4150	0.9021	100	0.2255	••❚••❚•••
402	FsTAsp...bPCjAM	100C	9	2	5	114	222	160	12	A	0.0305	4130	0.902	100	0.2255	••❚••••❚•
403	BINANCE_KSM_16	100C	9	2	11	112	156	215	12	A	0.0313	4140	0.9017	100	0.2254	•••❚•❚•••
404	HZPv53...gip4K4	100C	9	1	7	58	0	186	4	A	0.0211	4140	0.9016	100	0.2254	••••••❚••
405	JA8rrG...PYR3V8	100C	9	4	5	230	3	749	40	B+	0.0505	4105	0.9015	100	0.2254	••❚❚❚••❚•
406	BINANCE_KSM_14	100C	9	2	3	112	168	200	11	A	0.029	4080	0.9011	100	0.2253	❚•••••••❚
407	GpSSta...kEybPs	100C	9	3	9	170	303	250	24	A	0.0416	4113	0.9007	100	0.2252	❚••❚••••❚
408	realgar	100C	9	2	2	115	175	204	13	A	0.0332	4150	0.9007	100	0.2252	••••❚•••❚
409	D5Nvxn...SW3meS	100C	9	1	7	56	0	183	4	A	0.0214	4120	0.9006	100	0.2252	••••••••❚
410	EsTASK...EoUqjs	100C	9	4	4	227	198	533	38	A	0.0494	4060	0.9006	100	0.2251	❚••❚❚•❚••
411	luckyve	TVP	6	1	5	56	76	108	4	A	0.0213	4100	0.8999	15	0.8625	___••❚•••
412	BLACKMIRROR/BLACKMIRROR22	100C	9	6	2	343	7	1044	67	B+	0.0599	3846	0.8999	100	0.225	❚•❚❚❚•❚❚•
413	Zug Capital/01	OTH	9	1	8	56	97	89	5	A	0.0262	4180	0.8994	10	0.8998	••••••••❚
414	H28S4p...KHk1et	100C	9	3	1	172	183	369	24	A	0.0417	4073	0.8991	100	0.2248	••❚••❚❚••
415	Fhxv7D...MKUcxo	100C	9	5	8	286	158	723	58	B+	0.0618	4056	0.8989	100	0.2247	❚❚❚••❚••❚
416	BLACKMIRROR/BLACKMIRROR46	100C	9	1	6	58	0	196	9	A	0.0439	4500	0.8986	100	0.2246	•••••••❚•
417	DpDu6C...Yg3Y4s	100C	9	1	3	56	139	47	4	A	0.0211	4060	0.8985	100	0.2246	•••❚•••••
418	rocknode	TVP	9	5	9	286	472	437	59	B+	0.061	4024	0.8983	15	0.8621	❚❚❚•❚•••❚
419	RADIUMBLOCK.COM	TVP	3	1	2	58	64	125	6	A	0.0308	4240	0.8983	10	0.8996	•❚•______
420	J1T4BV...ZkrniG	100C	9	2	9	116	1	367	13	A	0.0341	4100	0.8981	100	0.2245	••❚•••❚••
421	SPARTA/SPARTA2	TVP	9	1	8	58	89	103	6	A	0.0303	4220	0.8978	10	0.8995	••••❚••••
422	F1zMuw...H6beBp	100C	9	1	6	56	0	173	3	A	0.017	3960	0.8976	100	0.2244	•❚•••••••
423	GUHyxp...L7zZFR	100C	9	2	10	114	1	384	17	A	0.0423	4240	0.8974	100	0.2244	❚•••••••❚
424	Dionysus🍇/III	OTH	9	3	2	170	10	524	21	A	0.0378	3953	0.8973	3	0.9518	•❚❚•••••❚
425	ParaNodes.io/12🚀	OTH	9	1	8	56	112	68	4	A	0.0217	4040	0.8972	3	0.9518	••••❚••••
426	EaRJT2...cbYFc7	100C	9	1	4	58	1	186	7	A	0.0361	4300	0.8966	100	0.2242	❚••••••••
427	dakkk/2	OTH	3	1	2	56	106	76	5	A	0.0267	4120	0.8966	15	0.8616	❚••______
428	Eu5FWT...w94tgB	100C	9	1	4	56	0	177	3	A	0.0167	3920	0.8963	100	0.2241	•❚•••••••
429	dakkk	OTH	9	2	2	116	136	233	15	A	0.0391	4140	0.8959	15	0.8615	•❚•••❚•••
430	FcF2rc...a8wmvd	100C	9	1	10	56	0	175	2	A	0.0113	3800	0.8957	100	0.2239	••••••••❚
431	CzXvwz...P5yYWw	100C	9	2	5	116	168	207	17	A	0.0434	4210	0.8954	100	0.2239	❚•••••••❚
432	BLACKMIRROR/BLACKMIRROR2	100C	9	4	3	226	5	696	35	A	0.0476	3890	0.8953	100	0.2238	•❚•❚❚•❚••
433	HPFxv4...yzhiEy	100C	9	1	7	58	50	148	9	A	0.0435	4400	0.895	100	0.2237	•••❚•••••
434	synclub-1	100C	6	2	4	116	109	265	18	A	0.0459	4240	0.8947	100	0.2237	___•❚•❚••
435	P2P.ORG/73	OTH	9	2	7	114	151	217	17	A	0.0442	4200	0.8944	3	0.9511	••❚•••••❚
436	HZu8sw...ANYbms	100C	9	1	3	58	105	84	6	A	0.0308	4140	0.8944	100	0.2236	••❚••••••
437	FrDxhZ...KJoG8U	100C	9	2	1	114	0	374	15	A	0.0386	4090	0.8943	100	0.2236	•❚•••••❚•
438	Jaco/v13	OTH	9	1	2	58	45	148	7	A	0.035	4220	0.8943	3	0.9511	❚••••••••
439	ONDIN	TVP	9	3	5	172	285	270	28	A	0.048	4066	0.8941	10	0.8985	❚•••❚•❚••
440	HvRQAj...r1Uo36	100C	9	3	3	171	7	539	28	A	0.0488	4080	0.8941	100	0.2235	❚••❚••••❚
441	redpenguin/2	TVP	3	1	0	58	90	96	6	A	0.0313	4140	0.894	15	0.861	••❚______
442	LuckyFriday.io/🍀 KSM 04 🍀	OTH	9	2	1	116	169	206	18	A	0.0458	4220	0.894	3	0.951	•❚❚••••••
443	HmsTAS...THnpyQ	100C	9	2	4	114	148	211	13	A	0.0349	4010	0.8939	100	0.2235	•❚•••❚•••
444	Daar71...odVAJ5	100C	9	5	4	284	400	498	65	B+	0.0675	4036	0.8938	100	0.2235	❚❚•❚•❚❚••
445	Zug Capital/73	OTH	9	1	10	56	132	38	2	A	0.0116	3760	0.8938	10	0.8985	•••••❚•••
446	GXFxR1...G3Q7Hc	100C	9	3	3	170	1	548	29	B+	0.0502	4100	0.8938	100	0.2234	••❚•••❚•❚
447	FPXYcB...SaJkNX	100C	9	2	7	116	107	267	17	A	0.0435	4170	0.8938	100	0.2234	••❚••••❚•
448	FPQUeK...nSvEGF	100C	9	3	4	172	154	384	26	A	0.0461	4020	0.8937	100	0.2234	❚❚•❚•••••
449	FVPamN...VdXyMj	100C	9	3	3	174	2	555	32	B+	0.0543	4160	0.893	100	0.2233	•••❚•❚•❚•
450	RYABINA/ [8] T.ME/KUSAMA_BOT	OTH	9	1	7	56	102	80	4	A	0.0215	3920	0.8927	3	0.9507	••••❚••••
451	EtKtVo...JyLdLW	100C	9	5	5	282	0	874	57	B+	0.0612	3872	0.8921	100	0.223	❚•❚❚❚•••❚
452	binance_ksm_1	100C	9	1	2	56	68	109	7	A	0.038	4220	0.892	100	0.223	•••••❚•••
453	Berezka	TVP	9	1	5	58	132	57	8	A	0.0406	4260	0.8917	10	0.8979	••❚••••••
454	HLHWKw...fQPb4c	100C	9	1	7	56	1	175	3	A	0.0168	3800	0.8916	100	0.2229	•••••••❚•
455	Binance_ksm_36	100C	9	1	6	56	85	93	7	A	0.0378	4200	0.8914	100	0.2228	❚••••••••
456	BINANCE_KSM_19	100C	9	2	5	112	219	125	12	A	0.0337	3920	0.8913	100	0.2228	•••••❚❚••
457	BINANCE_KSM_13	100C	9	2	5	114	139	229	17	A	0.0442	4120	0.8913	100	0.2228	••❚••❚•••
458	HRozvm...dMujde	100C	9	2	3	114	5	368	16	A	0.0411	4060	0.8912	100	0.2228	••❚•❚••••
459	Zug Capital/70	OTH	9	1	10	58	121	70	8	A	0.0402	4240	0.8912	10	0.8978	❚••••••••
460	Jaco/v04	OTH	9	3	7	170	317	223	27	A	0.0476	3980	0.891	3	0.9503	••❚❚❚••••
461	HASuLa...CedM77	100C	9	3	8	168	3	534	28	A	0.0496	4013	0.8908	100	0.2227	••❚❚••••❚
462	Czg6So...aRS619	100C	9	1	4	56	0	190	7	A	0.0355	4140	0.8908	100	0.2227	•••❚•••••
463	P2P.ORG/47	OTH	9	4	9	228	393	323	48	B+	0.0628	4065	0.8907	3	0.9502	•••❚❚••❚❚
464	P2P.ORG/80	OTH	9	2	10	114	163	221	22	B+	0.0542	4290	0.8904	3	0.9501	❚••❚•••••
465	DGJESw...EeUNts	100C	9	4	7	225	309	390	44	B+	0.0592	3985	0.8903	100	0.2226	•❚❚•••❚•❚
466	P2P.ORG/33	OTH	9	3	11	170	264	289	32	B+	0.0547	4093	0.8901	3	0.95	•••❚•❚••❚
467	FwL8i2...UMmr6V	100C	9	2	6	116	3	369	17	A	0.0437	4080	0.8901	100	0.2225	•••❚•••❚•
468	P2P.ORG/74	OTH	9	4	7	225	438	259	38	B+	0.0517	3835	0.8901	3	0.95	❚❚••❚❚•••
469	FINSTAKING	TVP	9	1	7	58	82	106	8	A	0.0408	4220	0.8899	10	0.8975	••❚••••••
470	J4NCqu...SHp2mk	100C	9	3	5	174	1	533	25	A	0.0447	3893	0.8898	100	0.2224	•••❚❚•❚••
471	G5RVko...YXNPZQ	100C	9	2	3	116	92	279	20	B+	0.0512	4210	0.8896	100	0.2224	•❚••••••❚
472	Cz8U18...m2CS7f	100C	9	4	3	228	165	576	51	B+	0.0644	4060	0.8893	100	0.2223	❚••❚•••❚❚
473	FEGsTa...1zx1zz	100C	9	3	5	172	285	263	34	B+	0.0584	4140	0.8892	100	0.2223	❚❚•••❚•••
474	Czgz9n...eCHw4D	100C	9	2	7	114	4	353	17	A	0.0455	4080	0.8888	100	0.2222	•❚•❚•••••
475	AEGIS2	TVP	6	1	1	56	110	71	6	A	0.0321	4020	0.8887	15	0.8597	___•••••❚
476	GnKrf6...FHhmDh	100C	9	1	3	56	45	145	7	A	0.0355	4080	0.8884	100	0.2221	•••••••❚•
477	BINANCE_KSM_9	100C	9	1	2	56	48	131	7	A	0.0376	4120	0.8884	100	0.2221	••••••❚••
478	JFL9cN...aiHTQe	100C	9	3	9	169	137	386	25	A	0.0456	3866	0.888	100	0.222	•❚•••❚❚••
479	GS5rJH...CCJbXc	100C	9	3	14	170	346	180	28	B+	0.0505	3960	0.888	100	0.222	•❚•❚••❚••
480	HUik6b...3mAHaU	100C	9	1	7	56	56	119	6	A	0.0331	4020	0.8879	100	0.222	••••••❚••
481	BLACKMIRROR/BLACKMIRROR26	100C	9	1	2	58	0	180	4	A	0.0217	3800	0.8878	100	0.222	•••••❚•••
482	NEWDEAL	TVP	6	2	3	114	162	210	21	B+	0.0534	4190	0.8871	5	0.9343	___❚••❚••
483	binance_ksm_40	100C	9	2	6	112	135	215	15	A	0.0411	3950	0.887	100	0.2217	••••❚•❚••
484	HFdYLQ...RCdNp7	100C	9	3	3	170	2	516	25	A	0.046	3846	0.887	100	0.2217	❚•••••❚❚•
485	STAKEWORLD/02	TVP	9	1	7	58	43	149	10	A	0.0495	4300	0.8866	15	0.8591	•••••••❚•
486	EAwh46...2TGdsG	100C	9	4	3	230	6	712	50	B+	0.0651	4000	0.8865	100	0.2216	•❚❚•••❚•❚
487	P2P.ORG/52	OTH	9	3	6	174	349	194	31	B+	0.054	3986	0.8865	3	0.9491	••❚❚••❚••
488	GPeBBt...zRYrzH	100C	9	2	7	114	1	364	18	A	0.047	4050	0.8864	100	0.2216	•••••❚•❚•
489	STAKE.ZONE 2	OTH	9	2	2	116	139	234	18	A	0.046	4030	0.8864	3	0.9491	❚•••❚••••
490	HEoGuu...SiCtHR	100C	9	2	4	114	159	204	18	A	0.0472	4050	0.8863	100	0.2216	•••••❚•❚•
491	FhGvmL...q16nzz	100C	9	1	1	56	0	187	7	A	0.0361	4020	0.8857	100	0.2214	•••••••❚•
492	HyQRi9...j7NDtz	100C	9	1	4	58	0	180	7	A	0.0374	4040	0.8854	100	0.2214	••❚••••••
493	P2P.ORG/86	OTH	9	1	6	58	129	50	4	A	0.0219	3740	0.8854	3	0.9488	••••❚••••
494	AZIMUT	OTH	9	2	3	114	190	184	22	B+	0.0556	4180	0.8851	20	0.8213	•❚•❚•••••
495	CapitalStaking.com/1	TVP	9	2	0	114	144	217	20	B+	0.0525	4120	0.8851	10	0.8963	••••••❚•❚
496	Zug Capital/18	OTH	9	1	9	58	109	75	10	B+	0.0515	4300	0.885	10	0.8963	••••••❚••
497	Efmq4i...xKhy3d	100C	9	2	4	113	185	170	15	A	0.0405	3890	0.885	100	0.2213	❚•••••❚••
498	DKYgrv...5cXqaq	100C	9	2	6	113	2	360	20	B+	0.0524	4110	0.8848	100	0.2212	••❚•••••❚
499	FzFPfR...ywSpri	100C	9	2	5	113	0	361	17	A	0.045	3960	0.8844	100	0.2211	•••❚••••❚
500	E7oEwj...HtXoPu	100C	9	2	5	115	1	366	21	B+	0.0541	4130	0.8842	100	0.2211	••❚•••❚••
501	JCG6YJ...UAL3Da	100C	9	3	8	168	297	245	32	B+	0.0557	3960	0.8841	100	0.221	••❚❚••❚••
502	FXCg5o...PXrm4a	100C	9	3	11	174	124	427	38	B+	0.0645	4120	0.8838	100	0.221	❚••❚•❚•••
503	CoyQet...9VgHbZ	100C	9	3	3	172	3	539	38	B+	0.0655	4120	0.8831	100	0.2208	•••••❚❚❚•
504	FEiSv2...4vWeEm	100C	9	1	11	56	98	81	7	A	0.0376	3980	0.8829	100	0.2207	❚••••••••
505	FUuzwz...GeXHKc	100C	9	3	7	172	5	537	33	B+	0.0574	3953	0.8826	100	0.2207	❚••••❚•❚•
506	Hc23Pb...TT8JjR	100C	9	4	5	226	4	712	53	B+	0.0689	3970	0.8824	100	0.2206	••❚••❚•❚❚
507	Cj2Xnr...HzAAUj	100C	9	2	7	116	3	330	14	A	0.0403	3810	0.882	100	0.2205	❚••••❚•••
508	DXkLKf...4XeTU1	100C	9	3	10	170	4	523	29	B+	0.0522	3833	0.8819	100	0.2205	❚•❚•❚••••
509	HvuKoP...ebLQ1A	OTH	9	3	4	172	94	455	37	B+	0.0631	4040	0.8817	15	0.8579	•••❚❚❚•••
510	H4g3cz...zqtMaX	100C	9	1	5	56	0	190	8	A	0.0404	4000	0.8816	100	0.2204	•••••••❚•
511	HEeXKF...HCENdx	100C	9	3	8	172	286	268	36	B+	0.061	3993	0.8815	100	0.2204	••••❚••❚❚
512	E5ToWr...j72rgH	100C	9	2	9	116	2	367	23	B+	0.0587	4140	0.8812	100	0.2203	❚••❚•••••
513	DY9hPe...27gqVy	100C	9	2	2	114	0	364	21	B+	0.0545	4060	0.8812	100	0.2203	•••❚••••❚
514	Dionysus🍇	TVP	9	1	4	56	1	170	6	A	0.0339	3860	0.881	5	0.9328	•••••❚•••
515	F5JKLH...jm6Z42	100C	9	3	7	170	262	285	36	B+	0.0617	3993	0.8809	100	0.2202	••••❚••❚❚
516	ECkkZH...YwiaSY	OTH	9	3	12	172	337	197	32	B+	0.0565	3893	0.8809	50	0.5952	•••❚•••❚❚
517	ALFASTAKE/Zenit	TVP	9	1	11	58	132	37	6	A	0.0343	3860	0.8808	10	0.8952	•••••❚•••
518	Binance_ksm_35	100C	9	1	4	56	77	98	7	A	0.0385	3940	0.8808	100	0.2202	•❚•••••••
519	EkkPrD...Ye4VWs	100C	9	2	5	112	179	163	17	A	0.0474	3900	0.8803	100	0.2201	•❚••••❚••
520	BLACKMIRROR/BLACKMIRROR14	100C	9	1	10	56	3	162	2	A	0.012	3420	0.8803	100	0.2201	•••••••❚•
521	GFZUpX...fvQV7F	100C	9	2	4	112	202	149	18	A	0.0488	3910	0.8796	100	0.2199	❚❚•••••••
522	DdUBWv...5BeP4N	100C	9	2	6	114	0	351	18	A	0.0488	3900	0.8792	100	0.2198	•❚•❚•••••
523	GEq8Ky...thVhmk	100C	9	3	13	172	2	514	37	B+	0.0669	4046	0.8791	100	0.2198	•❚••••❚•❚
524	P2P.ORG/63	OTH	9	2	8	116	215	149	23	B+	0.0594	4100	0.8791	3	0.9473	❚❚•••••••
525	GXVFVX...A28BgK	100C	9	2	4	114	3	357	17	A	0.0451	3820	0.8789	100	0.2197	❚•••❚••••
526	EyVSFr...6BA1Sn	100C	9	2	3	114	127	240	23	B+	0.059	4080	0.8786	100	0.2197	••❚••••❚•
527	Pressburg Labs	TVP	9	1	7	56	4	172	9	A	0.0486	4080	0.8786	10	0.8946	❚••••••••
528	H27dWG...6EDS6y	100C	9	2	4	114	0	333	11	A	0.032	3560	0.8785	100	0.2196	••••••❚❚•
529	EFRxat...4k87Qj	100C	9	3	1	172	0	546	40	B+	0.0683	4053	0.8784	100	0.2196	❚❚••••••❚
530	KIRA Staking	TVP	9	1	2	56	80	104	10	B+	0.0515	4120	0.878	10	0.8945	❚••••••••
531	blockzilla	TVP	9	1	10	56	76	114	11	B+	0.0547	4180	0.878	15	0.857	•••••••❚•
532	Cx37dx...jqPkLc	100C	9	1	9	56	98	88	11	B+	0.0558	4200	0.8779	100	0.2195	••••••••❚
533	FcXqXG...hebEw8	100C	9	3	2	171	6	536	36	B+	0.0623	3926	0.8779	100	0.2195	••❚•❚••❚•
534	ESwTgD...8s7KAW	100C	9	2	7	114	201	153	22	B+	0.0585	4050	0.8778	100	0.2195	•❚••••❚••
535	EGGFnb...S8hGEW	100C	9	2	5	116	113	257	23	B+	0.0585	4050	0.8778	100	0.2194	••••❚•❚••
536	P2P.ORG/91	OTH	9	3	4	170	290	249	35	B+	0.061	3893	0.8776	3	0.9469	••••••❚❚❚
537	HqcvwJ...GtDobt	100C	9	2	5	114	88	260	18	A	0.0492	3860	0.8774	100	0.2193	•❚•••❚•••
538	RADIUMBLOCK.COM/02	TVP	3	1	2	58	27	163	13	B+	0.064	4340	0.8772	10	0.8943	❚••______
539	D3KNzS...Sg6LXN	100C	9	1	5	56	0	180	10	B+	0.0526	4100	0.8764	100	0.2191	❚••••••••
540	Varejka/Varejka 2	TVP	3	1	0	58	84	96	10	B+	0.0526	4100	0.8764	10	0.8941	❚••______
541	HkE31K...QdMkGZ	100C	9	3	5	170	256	277	37	B+	0.0649	3933	0.8762	100	0.2191	❚❚••❚••••
542	Eho1LU...RCJQHv	100C	9	2	4	114	0	360	21	B+	0.0551	3940	0.876	100	0.219	••❚•❚••••
543	APERTURE MINING 🎂/01	TVP	6	2	3	114	14	348	24	B+	0.0622	4070	0.8758	3	0.9465	___❚••••❚
544	GUM5pV...WiuPDX	OTH	9	1	6	56	93	79	6	A	0.0337	3720	0.8757	50	0.5939	••••❚••••
545	FzBzgD...uDY6Ks	100C	9	5	5	284	2	863	75	B+	0.0798	3804	0.8756	100	0.2189	❚•❚❚❚❚•••
546	FxSTAS...6wXEf2	100C	9	2	4	116	169	201	26	B+	0.0657	4110	0.8748	100	0.2187	❚•❚••••••
547	Jaco/v11	OTH	9	1	5	56	74	107	8	A	0.0423	3860	0.8747	3	0.9462	••••❚••••
548	DxHK4n...qG6oLr	100C	9	4	5	226	0	696	53	B+	0.0708	3800	0.8744	100	0.2186	••❚•❚❚❚••
549	DfHcbp...9cTgoe	100C	6	1	6	56	96	74	7	A	0.0395	3780	0.8737	100	0.2184	___••❚•••
550	DqtwRm...gzEtvG	100C	9	2	5	116	1	349	18	A	0.0489	3760	0.8737	100	0.2184	•••••❚❚••
551	HA3u71...6ZP6t5	100C	9	3	7	172	6	519	38	B+	0.0675	3893	0.8727	100	0.2182	❚•❚•••❚••
552	GnVdZh...14yqHE	100C	9	4	4	230	4	717	64	B+	0.0815	3950	0.8722	100	0.218	•••❚❚•❚❚•
553	BLACKMIRROR/BLACKMIRROR42	100C	9	1	7	57	0	178	10	B+	0.0532	4000	0.8721	100	0.218	•••••❚•••
554	H1xLxh...5wQEhL	100C	9	5	3	286	7	848	80	B+	0.0856	3820	0.8718	100	0.218	•❚•••❚❚❚❚
555	BLACKMIRROR/BLACKMIRROR38	100C	9	2	0	114	0	347	21	B+	0.0571	3870	0.8718	100	0.218	••❚•••❚••
556	EdYzKu...oqiKLf	100C	9	4	9	224	1	678	53	B+	0.0724	3755	0.8714	100	0.2178	❚••••❚•❚❚
557	D6ABm6...G3T1Xf	OTH	9	4	4	229	310	393	61	B+	0.0798	3890	0.8711	50	0.5928	•❚••❚❚••❚
558	FWoaPV...pYHk36	100C	9	1	3	56	0	183	11	B+	0.0567	4040	0.871	100	0.2177	••❚••••••
559	HkJjBk...5YhZXg	100C	9	3	6	168	265	256	39	B+	0.0696	3886	0.8708	100	0.2177	❚•••••❚❚•
560	Ecfwf4...mZWYs9	100C	9	2	4	113	3	358	27	B+	0.0696	4080	0.8707	100	0.2177	•••❚••••❚
561	🛡 DWELLIR KSM 🛡	TVP	9	3	3	172	259	282	44	B+	0.0752	3973	0.87	9	0.9	•••❚❚•❚••
562	HKo9ce...A8YkUM	OTH	9	2	1	114	38	315	24	B+	0.0637	3950	0.87	15	0.855	•••••••❚❚
563	GRMtno...rMKckH	100C	9	2	6	114	1	351	24	B+	0.0638	3950	0.8699	100	0.2175	•❚•❚•••••
564	P2P.ORG/67	OTH	9	2	5	114	208	149	25	B+	0.0654	3980	0.8699	3	0.945	❚•❚••••••
565	GESTaS...4XRxM5	100C	9	2	5	114	246	108	24	B+	0.0635	3940	0.8698	100	0.2174	•••❚•❚•••
566	P2P.ORG/77	OTH	9	2	5	116	181	189	30	B+	0.075	4150	0.8693	3	0.9448	•❚•••••❚•
567	EkGCST...7hpCQZ	100C	9	2	3	114	193	162	24	B+	0.0633	3920	0.8691	100	0.2173	•••❚••❚••
568	E2JYhr...5osGAh	100C	9	2	7	114	0	362	26	B+	0.067	3990	0.8691	100	0.2173	••❚••••❚•
569	CuEWvM...FHSdMj	100C	9	3	1	172	3	525	43	B+	0.0753	3946	0.8689	100	0.2172	•❚❚•••❚••
570	DgFfvg...kzFAAh	100C	9	2	4	115	1	352	24	B+	0.0637	3920	0.8689	100	0.2172	••❚•❚••••
571	NEWDEAL/ANOVERNODE	TVP	9	1	8	58	72	116	14	B+	0.0693	4220	0.8686	15	0.8546	•••••••❚•
572	Chris-Staking/k2	TVP	9	1	9	58	117	55	10	B+	0.0549	3940	0.8684	3	0.9446	•••••❚•••
573	CwuUtx...XHXdju	100C	9	2	8	114	4	346	24	B+	0.0642	3910	0.8681	100	0.217	•••••❚❚••
574	P2P.ORG/39	OTH	9	1	1	56	39	138	11	B+	0.0585	3980	0.8673	3	0.9443	❚••••••••
575	DtYpnc...WMhPsS	100C	9	1	3	57	1	176	9	A	0.0484	3780	0.8671	100	0.2168	••••❚••••
576	DabHGg...2bPt3X	100C	9	3	3	170	185	348	45	B+	0.0779	3946	0.867	100	0.2168	❚•❚••••❚•
577	P2P.ORG/70	OTH	9	2	5	112	205	158	26	B+	0.0668	3930	0.8669	3	0.9442	❚••••••❚•
578	CmLswn...6is7Je	100C	9	5	4	288	1	859	90	B+	0.0947	3868	0.8668	100	0.2167	❚❚❚••❙•❚•
579	DBDpSV...A5Fx64	100C	9	2	5	114	1	347	26	B+	0.0695	3980	0.8668	100	0.2167	❚❚•••••••
580	BLACKMIRROR/BLACKMIRROR21	100C	9	1	6	58	1	179	12	B+	0.0625	4040	0.8666	100	0.2167	••••••••❚
581	Compute Crypto	TVP	3	2	1	112	153	200	25	B+	0.0661	3910	0.8666	15	0.8542	❚•❚______
582	BLACKMIRROR/BLACKMIRROR33	100C	9	2	6	114	0	361	25	B+	0.0648	3880	0.8665	100	0.2166	❚•••❚••••
583	P2P.ORG/69	OTH	9	2	6	112	175	185	28	B+	0.0722	3990	0.8652	3	0.9438	••❚•••••❚
584	EFVf69...yDDR9y	100C	9	2	7	114	1	342	22	B+	0.0603	3760	0.8651	100	0.2163	•••••❚❚••
585	FXHY9R...T5Eppi	100C	9	1	0	56	78	95	11	B+	0.0598	3940	0.8648	100	0.2162	••❚••••••
586	SUMMERSTAKE	TVP	9	1	5	58	46	133	15	B+	0.0773	4260	0.8641	15	0.8535	••••••❚••
587	GhxeXt...WmZyhr	100C	9	2	4	112	0	349	25	B+	0.0668	3860	0.8641	100	0.216	•❚❚••••••
588	VLADIMIR/VLADIMIR2	TVP	9	4	4	226	276	405	59	B+	0.0797	3705	0.8639	10	0.891	•❚••❚•❚❚•
589	STRAWBERRY-STAKING/STRAWBERRY-STAKING2	TVP	6	2	6	112	125	227	26	B+	0.0688	3880	0.8634	10	0.8909	___•❚•❚••
590	P2P.ORG/22	OTH	9	4	8	228	435	261	67	B+	0.0878	3845	0.8634	3	0.9433	•❚•••❚•❚❚
591	validierung.cc 🇩🇪/Heidelberg	TVP	3	2	2	116	131	223	30	B+	0.0781	4050	0.8631	3	0.9433	•❚❚______
592	G4QPqq...Tw3HcC	100C	9	2	3	114	0	342	25	B+	0.0681	3850	0.8628	100	0.2157	•❚••••❚••
593	Caz16n...E9BNuf	100C	9	2	3	116	72	286	32	B+	0.0821	4110	0.8625	100	0.2156	•••••❚••❚
594	J4iLBZ...ZSVxn9	100C	9	3	6	172	0	529	46	B+	0.08	3866	0.8623	100	0.2156	•❚•❚•••❚•
595	DPtziN...DNbGrg	100C	9	2	5	116	137	219	29	B+	0.0753	3970	0.8621	100	0.2155	❚••••❚•••
596	D9299j...XMVRCu	100C	9	3	1	171	169	351	47	B+	0.0829	3893	0.8612	100	0.2153	•❚•❚••❚••
597	stk.center/GO	TVP	3	1	1	58	68	124	17	B+	0.0813	4260	0.8611	3	0.9428	❚••______
598	FF3Yk5...pUaHvn	100C	9	2	4	114	109	231	26	B+	0.071	3860	0.861	100	0.2152	•❚••••❚••
599	G1tsqr...pvCUiq	100C	9	2	6	116	1	361	31	B+	0.0789	4000	0.8606	100	0.2151	••❚•••❚••
600	P2P.ORG/19	OTH	9	4	4	229	349	327	68	B+	0.0914	3840	0.8605	3	0.9426	❚••••❚❚❚•
601	FA15BQ...Z9hv73	100C	9	1	3	58	0	175	14	B+	0.0741	4100	0.8603	100	0.2151	•❚•••••••
602	G4X4tv...b79G4B	100C	9	6	8	346	236	811	134	B	0.1135	3860	0.8603	100	0.2151	❚••❚❚❚•❚❚
603	ELomfY...jYm181	100C	9	1	4	56	32	138	14	B+	0.0761	4120	0.8596	100	0.2149	•••••❚•••
604	DuNBhk...jZuWPo	100C	9	2	7	114	116	227	27	B+	0.073	3860	0.8595	100	0.2149	•••❚••❚••
605	DhCzit...GtB2Rd	100C	9	2	8	114	163	206	33	B+	0.0821	4030	0.8593	100	0.2148	❚••••••❚•
606	Dionysus🍇/II	OTH	9	2	3	114	2	345	28	B+	0.0747	3880	0.859	3	0.9423	•❚••❚••••
607	FzChcu...4yRS6q	100C	9	4	2	229	2	696	71	B+	0.0923	3820	0.859	100	0.2147	❚•••❚❚•❚•
608	DQNkKu...4Awg5p	100C	9	3	4	169	7	514	47	B+	0.0827	3826	0.8586	100	0.2147	••❚❚❚••••
609	P2P.ORG/45	OTH	9	2	4	116	181	182	31	B+	0.0787	3940	0.8584	3	0.9421	••••❚••❚•
610	Chainhub and Texas Blockchain/Texas Blockchain Node 2	TVP	9	1	4	56	0	170	12	B+	0.0659	3880	0.8578	10	0.8895	•❚•••••••
611	DFjEu2...oYmbc7	100C	9	1	6	56	1	166	11	B+	0.0618	3800	0.8578	100	0.2144	••••••❚••
612	FfDNeL...eKNJWV	100C	9	1	7	58	2	173	12	B+	0.0642	3840	0.8576	100	0.2144	••❚••••••
613	BRUMMIE/BRUMMIE2	TVP	6	1	4	58	52	114	12	B+	0.0674	3900	0.8575	10	0.8894	___••❚•••
614	HnEyn1...rRePTZ	100C	9	1	7	56	1	175	13	B+	0.0688	3920	0.8572	100	0.2143	•••❚•••••
615	HWDUj2...j9STmU	100C	9	1	3	56	1	170	11	B+	0.0604	3760	0.8572	100	0.2143	•••••❚•••
616	FFBX8R...u2nq59	100C	9	1	4	58	0	173	13	B+	0.0699	3940	0.8572	100	0.2143	••••••❚••
617	Hc9y5P...n3Hmoi	100C	9	2	4	114	0	360	33	B+	0.084	4010	0.8571	100	0.2143	••••••❚❚•
618	P2P.ORG/59	OTH	9	5	3	286	417	458	106	B	0.1081	3864	0.8567	3	0.9417	❚••❚•❚❚❚•
619	FPp2S3...KNq9Tr	100C	9	1	4	58	84	99	15	B+	0.0758	4040	0.8567	100	0.2142	••••❚••••
620	J98Wiv...dE5dmW	100C	9	1	5	57	84	92	14	B+	0.0737	4000	0.8567	100	0.2142	•••••❚•••
621	P2P.ORG/56	OTH	9	1	2	56	85	90	11	B+	0.0591	3720	0.8566	3	0.9417	•••••❚•••
622	H7gHRv...EuDtQM	100C	9	2	4	116	2	354	33	B+	0.0848	4010	0.8565	100	0.2141	•••••❚••❚
623	GZmXL1...R9B4jZ	100C	9	2	1	112	3	355	32	B+	0.0821	3950	0.8562	100	0.2141	•••❚•••❚•
624	GySYti...uVU12y	100C	9	2	3	114	0	347	29	B+	0.0771	3850	0.856	100	0.214	••❚•❚••••
625	DWfTet...XXaK4W	100C	9	4	4	227	377	306	72	B+	0.0954	3800	0.8559	100	0.214	❚❚•❚❚••••
626	DuPENN...aX5rng	100C	9	2	6	112	1	347	30	B+	0.0794	3870	0.8551	100	0.2138	❚•••❚••••
627	P2P.ORG/53	OTH	9	2	4	116	197	162	35	B+	0.0888	4040	0.8547	3	0.9412	❚•••••••❚
628	GGfe1C...BFRLUt	100C	9	4	5	230	349	361	82	B	0.1035	3920	0.8545	100	0.2136	❚••❚•❚•❚•
629	D2Ymqc...mdJMWW	100C	9	2	3	114	2	357	34	B+	0.0865	3990	0.8545	100	0.2136	••••❚••❚•
630	P2P.ORG/35	OTH	9	2	12	112	138	218	32	B+	0.0825	3910	0.8544	3	0.9411	••••••❚•❚
631	🏔 HELIKON 🏔/MELIDA	TVP	6	2	3	112	173	170	28	B+	0.0755	3770	0.8541	3	0.941	___••••❚❚
632	DydW5q...Ua9Asq	100C	9	2	6	116	72	296	39	B+	0.0958	4140	0.8533	100	0.2133	•❚•••••❚•
633	DQ3kBV...UZBKgu	100C	9	3	6	170	2	500	50	B+	0.0906	3840	0.8533	100	0.2133	•❚•••❚❚••
634	D8stAs...5zHR41	100C	9	1	7	56	77	96	13	B+	0.0699	3840	0.8533	100	0.2133	❚••••••••
635	Cs5UBT...J2Txmi	100C	9	1	8	56	1	173	13	B+	0.0695	3820	0.8528	100	0.2132	••❚••••••
636	HkTm1T...j7Tsui	100C	9	1	3	58	0	170	13	B+	0.071	3840	0.8524	100	0.2131	••••••••❚
637	GyRumS...v1mpG3	100C	9	1	1	58	108	67	16	B+	0.0838	4080	0.8523	100	0.2131	••••••❚••
638	FzAW3N...3WLqxb	100C	9	1	5	57	4	170	14	B+	0.0745	3900	0.8522	100	0.213	•••••❚•••
639	EQHVNm...sFE4m8	100C	9	1	4	58	3	183	19	B+	0.0927	4240	0.8518	100	0.213	•••••••❚•
640	P2P.ORG/122	OTH	9	1	4	58	83	93	16	B+	0.0833	4060	0.8518	3	0.9404	••••••❚••
641	GkBEEi...LfkpHF	100C	9	1	1	56	0	179	15	B+	0.0773	3940	0.8516	100	0.2129	••••••••❚
642	🍀ARISTOPHANES🍀/🍀ARISTOPHANES2🍀	TVP	9	1	3	56	0	167	12	B+	0.067	3740	0.8515	3	0.9404	••❚••••••
643	HrTM1p...j1otuf	100C	9	2	4	112	96	244	29	B+	0.0786	3760	0.8514	100	0.2128	•❚••❚••••
644	BLACKMIRROR/BLACKMIRROR4	100C	9	3	4	172	0	509	52	B+	0.0927	3820	0.8509	100	0.2127	•❚•••❚❚••
645	E2k61Y...aS5VnZ	100C	9	2	3	114	97	255	33	B+	0.0857	3880	0.8507	100	0.2127	•❚❚••••••
646	CoSDdm...MU8VpG	100C	9	1	3	56	0	171	14	B+	0.0757	3880	0.8505	100	0.2126	••••••••❚
647	EPeUVn...Z7ARvS	100C	9	5	7	288	235	627	114	B	0.1168	3872	0.8505	100	0.2126	❚•❚❚•❚••❚
648	Efs7N3...PQYyvp	100C	9	1	3	56	0	168	13	B+	0.0718	3800	0.8503	100	0.2126	❚••••••••
649	COSMOON/2	TVP	9	2	5	114	148	208	35	B+	0.0895	3940	0.8502	15	0.8501	••••❚•❚••
650	FXhBLN...rCYmqo	100C	9	4	10	229	2	683	80	B	0.1046	3825	0.85	100	0.2125	❚❚••❚•••❚
651	Watermelon	TVP	9	1	10	58	125	53	17	B+	0.0872	4080	0.8497	15	0.8499	❚••••••••
652	RockX_Kusama3	OTH	9	4	1	228	324	351	79	B	0.1048	3820	0.8497	10	0.8874	❚•❚❚•❚•••
653	FM2Bpk...jGqkNn	100C	9	3	6	173	269	254	58	B+	0.0998	3913	0.8492	100	0.2123	••••❚❚•❚•
654	J2JaSy...UMYNkC	100C	9	2	5	114	1	342	32	B+	0.0853	3830	0.8491	100	0.2123	•❚•••••❚•
655	DMiNfh...EKADX5	100C	9	1	4	58	0	164	12	B+	0.0682	3700	0.8491	100	0.2123	••••••❚••
656	Cx2npc...x6Am35	100C	9	2	8	112	203	148	33	B+	0.0859	3840	0.849	100	0.2123	•••••••❚❚
657	G59UiJ...yYmUvU	100C	9	3	2	170	0	510	52	B+	0.0925	3753	0.8484	100	0.2121	•❚❚•❚••••
658	DVBjt8...W4ci4E	100C	9	4	3	230	195	489	84	B	0.1094	3870	0.8482	100	0.212	❚•••••❚❚❚
659	lloyds.tech	TVP	9	1	5	56	0	174	13	B+	0.0695	3700	0.8481	3	0.9395	••••❚••••
660	GkNskP...zy425W	OTH	9	1	3	58	74	103	15	B+	0.0781	3860	0.8479	50	0.587	•••❚•••••
661	P2P.ORG/127	OTH	9	1	5	58	51	133	17	B+	0.0846	3980	0.8477	3	0.9394	•••❚•••••
662	GvaEPV...jhUMJa	100C	9	3	5	172	0	513	54	B+	0.0952	3780	0.8475	100	0.2119	••❚••❚•❚•
663	EkMPto...athzaX	100C	9	2	3	114	0	328	34	B+	0.0939	3950	0.8473	100	0.2118	•••••❚••❚
664	Ez7Hdv...UzziCi	100C	9	4	8	226	2	676	79	B	0.1044	3745	0.847	100	0.2118	❚•••••❚❚❚
665	P2P.ORG/123	OTH	9	2	3	116	192	167	38	B+	0.0957	3970	0.8468	3	0.9392	❚••••❚•••
666	FSXPcV...H7Xn3Y	OTH	9	1	7	56	76	95	14	B+	0.0757	3780	0.8466	15	0.8491	•••••❚•••
667	P2P.ORG/119	OTH	9	2	11	112	111	233	35	B+	0.0923	3900	0.8466	3	0.9391	••❚••❚•••
668	EZrAoE...sJyW2M	OTH	6	2	5	112	0	334	27	B+	0.0748	3560	0.8464	10	0.8866	___❚❚••••
669	P2P.ORG/62	OTH	9	3	2	170	139	381	59	B	0.1019	3873	0.8461	3	0.939	•❚••••❚❚•
670	EriGgs...YX2V5p	100C	9	2	5	114	0	350	33	B+	0.0862	3760	0.8457	100	0.2114	••❚•❚••••
671	FG9er6...qXohh5	100C	9	1	4	58	0	177	17	B+	0.0876	3980	0.8454	100	0.2114	••••••••❚
672	E2sQVz...JQYWmd	100C	9	2	2	114	78	277	37	B+	0.0944	3910	0.8454	100	0.2114	•••••••❚❚
673	EX98wx...u9Q1ur	OTH	9	2	8	114	115	236	34	B+	0.0883	3790	0.8453	3	0.9388	❚••••❚•••
674	E3KAcK...n5LDqX	OTH	9	3	6	171	287	202	49	B+	0.0911	3640	0.8451	50	0.5863	•❚•❚•❚•••
675	Cm4Qeu...xnL71s	100C	6	2	6	114	167	177	35	B+	0.0923	3840	0.8442	100	0.2111	___•••❚•❚
676	JEwMry...A4a2o7	100C	9	1	6	56	0	167	14	B+	0.0773	3740	0.8438	100	0.2109	❚••••••••
677	F9zuAe...Z83d55	100C	9	1	6	56	0	169	14	B+	0.0765	3720	0.8436	100	0.2109	❚••••••••
678	P2P.ORG/66	OTH	9	2	2	114	182	169	38	B+	0.0977	3920	0.8433	3	0.9383	•❚••••❚••
679	GGzXha...YmHbqB	100C	9	3	2	174	231	319	69	B	0.1115	3980	0.8431	100	0.2108	••❚•❚••❚•
680	snf ksm validator/snf ksm ➌ validator	TVP	6	1	4	56	0	178	17	B+	0.0872	3900	0.8427	15	0.8482	___❚•••••
681	CAPITALNODES.COM	OTH	9	1	9	58	87	95	19	B+	0.0945	4040	0.8426	3	0.9382	••••••••❚
682	Shotmaker/🎯️	TVP	9	1	4	58	2	172	18	B+	0.0938	4020	0.8424	10	0.8856	••••••❚••
683	Hvj8Mp...uH3zuq	100C	9	1	5	58	2	173	17	B+	0.0885	3920	0.8424	100	0.2106	••••••••❚
684	HEguTp...AUHzWn	100C	9	1	5	56	0	172	15	B+	0.0802	3760	0.8424	100	0.2106	••❚••••••
685	BLACKMIRROR/BLACKMIRROR12	100C	6	1	1	58	0	174	16	B+	0.0842	3820	0.8418	100	0.2104	___•❚••••
686	J6ra6e...dZcd3e	100C	9	1	3	56	1	179	19	B+	0.0955	4020	0.8411	100	0.2103	••••••••❚
687	Sio34	OTH	6	1	3	56	68	106	16	B+	0.0842	3800	0.841	10	0.8852	___•••••❚
688	🏔 HELIKON 🏔/ISTANBUL	TVP	9	1	4	56	63	107	15	B+	0.0811	3740	0.841	3	0.9377	•❚•••••••
689	FJqgbv...Mc8tqS	100C	9	3	4	172	72	443	62	B	0.1075	3833	0.8404	100	0.2101	••❚•❚•••❚
690	P2P.ORG/129	OTH	9	1	8	56	77	101	18	B+	0.0918	3920	0.8399	3	0.9375	•••••••❚•
691	P2P.ORG/75	OTH	9	2	4	114	185	160	38	B+	0.0992	3860	0.8398	3	0.9375	••❚••❚•••
692	Ew9sFZ...LwLaGS	100C	9	1	7	56	4	162	15	B+	0.0829	3740	0.8396	100	0.2099	❚••••••••
693	H6nP7x...VZYQJU	100C	9	2	9	114	2	330	36	B+	0.0978	3810	0.8389	100	0.2097	•••••❚❚••
694	HjaVoh...fiSSoe	100C	9	3	8	170	1	521	63	B	0.1077	3800	0.8389	100	0.2097	••••❚❚•❚•
695	HWXcGw...EQNCbU	100C	9	1	8	56	96	80	17	B+	0.0881	3820	0.8388	100	0.2097	••❚••••••
696	H7Ycyo...5d2dmX	100C	9	1	7	56	96	70	15	B+	0.0829	3720	0.8388	100	0.2097	•❚•••••••
697	Fstas1...CaP8og	100C	9	2	3	116	160	202	44	B	0.1084	4010	0.8388	100	0.2097	•••❚❚••••
698	RockX_Kusama	OTH	9	3	5	169	216	287	58	B	0.1034	3713	0.8387	10	0.8847	••❚••❚❚••
699	P2P.ORG/51	OTH	9	1	7	56	87	72	15	B+	0.0862	3760	0.8379	3	0.937	••••••❚••
700	FytKxL...kbiRTo	100C	9	3	9	171	2	504	60	B	0.106	3740	0.8378	100	0.2095	❚••❚•••❚•
701	P2P.ORG/50	OTH	9	4	6	225	389	284	90	B	0.118	3740	0.8366	3	0.9367	••❚❚❚•❚••
702	G7jKFb...psr3Ez	100C	9	2	3	112	44	297	37	B+	0.0979	3740	0.8361	100	0.209	•❚••❚••••
703	Nodeasy	TVP	9	1	6	56	94	84	18	B+	0.0918	3820	0.836	3	0.9365	••••••••❚
704	FXwL5F...u1hbt4	100C	9	1	3	56	57	120	20	B	0.1015	4000	0.8358	100	0.209	•••••••❚•
705	FSTAsa...72uv87	100C	9	1	2	58	67	110	18	B+	0.0923	3820	0.8357	100	0.2089	••••❚••••
706	EShS7F...tnAViF	100C	9	2	2	116	2	342	40	B	0.1042	3840	0.8353	100	0.2088	•❚••••❚••
707	P2P.ORG/113	OTH	9	3	2	172	251	261	67	B	0.1157	3793	0.8326	3	0.9357	••❚❚••❚••
708	P2P.ORG/8	OTH	9	3	5	171	224	289	64	B	0.1109	3686	0.832	3	0.9355	•❚•❚❚••••
709	inchainworks	TVP	9	3	7	174	6	509	69	B	0.1182	3813	0.8316	10	0.8829	❙•❚••••❚•
710	EMpckV...8iHB6G	100C	9	1	5	58	1	175	20	B	0.102	3900	0.8315	100	0.2079	•••••••❚•
711	P2P.ORG/29	OTH	9	2	3	114	152	177	38	B	0.1035	3700	0.8303	3	0.9351	❚••••❚•••
712	P2P.ORG/68	OTH	9	1	4	56	91	73	16	B+	0.0889	3600	0.8296	3	0.9349	•❚•••••••
713	D2uREg...bN5X48	100C	9	1	2	57	1	163	18	B+	0.0989	3780	0.8292	100	0.2073	••••••❚••
714	P2P.ORG/121	OTH	9	3	6	174	221	296	69	B	0.1177	3726	0.8285	3	0.9346	❚••❚❙••••
715	CAPITALNODES.COM/1	OTH	9	1	2	56	101	73	20	B	0.1031	3820	0.8276	3	0.9344	••••❚••••
716	Gcz9wM...UVmd8G	100C	9	2	6	116	1	337	44	B	0.1152	3830	0.8267	100	0.2067	••❚••❚•••
717	P2P.ORG/48	OTH	9	1	7	58	83	97	23	B	0.1133	3980	0.8262	3	0.934	••❚••••••
718	GEwNY8...13FmmV	100C	9	3	5	168	1	489	66	B	0.1187	3653	0.8249	100	0.2062	•••❚❚❚•••
719	Spicy Taco/Serrano	TVP	9	1	3	56	0	165	18	B+	0.0984	3660	0.8249	10	0.8812	❚••••••••
720	EXKimA...Gi3C2U	OTH	9	1	4	58	46	129	21	B	0.1071	3820	0.8246	3	0.9336	•••••❚•••
721	HsiG3z...3c3ivy	100C	9	1	10	56	2	170	20	B	0.1042	3760	0.8244	100	0.2061	••••❚••••
722	Fnvs4A...edMw1F	100C	9	1	9	56	0	173	22	B	0.1128	3920	0.8242	100	0.2061	••❚••••••
723	J6ep7v...7GKeGM	100C	9	1	4	56	0	165	19	B	0.1033	3720	0.8235	100	0.2059	❚••••••••
724	HeJuQm...zdeVMc	100C	9	2	3	115	2	342	45	B	0.1157	3750	0.8232	100	0.2058	••••❚❚•••
725	CuBaLd...H8utWQ	100C	9	2	6	114	5	326	42	B	0.1126	3690	0.8231	100	0.2058	••••❚•❚••
726	GqYJ2N...9EhubT	100C	9	1	7	56	46	114	18	B	0.1011	3660	0.8228	100	0.2057	••••••❚••
727	Leprechaun☘️/2 - twitter.com/polkalucky	TVP	3	1	1	56	47	118	19	B	0.1033	3700	0.8228	15	0.8432	❚••______
728	CzEbtY...yguKva	100C	9	1	3	56	0	170	21	B	0.1099	3820	0.8224	100	0.2056	•••❚•••••
729	GyGN5A...9oLbru	100C	9	2	2	112	1	332	44	B	0.1167	3750	0.8224	100	0.2056	••❚••❚•••
730	EUvDxF...v81uLh	100C	9	2	7	116	1	335	46	B	0.1204	3800	0.8216	100	0.2054	•••❚•❚•••
731	F2poQ2...KqzAEF	100C	9	1	5	58	37	134	23	B	0.1186	3960	0.8215	100	0.2054	•••••❚•••
732	P2P.ORG/42	OTH	9	1	3	56	75	89	19	B	0.1038	3660	0.8208	3	0.9327	•❚•••••••
733	DwCMrQ...ZBhBRD	100C	9	2	1	113	91	238	43	B	0.1156	3680	0.8205	100	0.2051	••••❚•❚••
734	E92sTa...E7kb3m	100C	9	4	2	229	315	323	94	B	0.1284	3495	0.8192	100	0.2048	••••❚❚•❚❚
735	CoS64C...TZXY5v	100C	9	2	8	112	2	293	30	B+	0.0923	3200	0.8192	100	0.2048	•❙••❚••••
736	EsDstA...HiB5rQ	100C	9	2	6	114	156	180	46	B	0.1204	3730	0.8189	100	0.2047	••❚•❚••••
737	Dyy4cc...kaDMaA	100C	9	1	2	58	0	158	18	B	0.1023	3580	0.8188	100	0.2047	•❚•••••••
738	DQQz5s...XkXivp	100C	6	1	3	56	50	116	20	B	0.1075	3680	0.8188	100	0.2047	___•••••❚
739	Masternode24🔱/25	TVP	6	2	6	114	155	196	51	B	0.1269	3850	0.8187	3	0.9322	___•❚••❚•
740	H4LE1a...TqmLyQ	100C	9	2	6	112	0	321	42	B	0.1157	3630	0.8185	100	0.2046	•••••❚•❚•
741	F56VyZ...4xCbmF	100C	9	2	5	115	3	185	7	A	0.0359	2090	0.8181	100	0.2045	❚•••••••?
742	DaBtzB...HcUiBJ	100C	9	1	4	58	2	164	22	B	0.117	3840	0.8179	100	0.2045	•❚•••••••
743	Dx8STA...MB8Hme	100C	9	3	7	173	215	282	74	B	0.1296	3660	0.817	100	0.2043	•••••❚•❚❚
744	Eo6GkQ...3WZL9i	100C	9	2	5	112	64	257	44	B	0.1205	3670	0.8164	100	0.2041	•❚•••❚•••
745	FF7nYP...PVVhJ6	100C	9	1	1	56	92	73	20	B	0.1081	3620	0.816	100	0.204	•••••❚•••
746	P2P.ORG/93	OTH	9	3	7	172	264	236	79	B	0.1364	3746	0.8152	3	0.9313	•❚•❚❙••••
747	P2P.ORG/143	OTH	9	1	7	56	62	93	17	B+	0.0988	3420	0.8151	3	0.9313	•••••❚•••
748	Evv3Cu...Y6V8fA	OTH	9	1	2	58	18	155	24	B	0.1218	3860	0.8151	15	0.8413	•••••❚•••
749	P2P.ORG/87	OTH	9	1	9	56	72	93	21	B	0.1129	3680	0.8148	3	0.9312	••••••❚••
750	P2P.ORG/25	OTH	9	1	4	57	66	101	23	B	0.1211	3800	0.8133	3	0.9308	•••••❚•••
751	FXgFEa...YunC5y	100C	9	1	3	58	0	168	24	B	0.125	3860	0.8127	100	0.2032	••••••❚••
752	FTBoLr...bd1TNt	100C	9	2	5	112	161	163	46	B	0.1243	3630	0.812	100	0.203	❚•••••❚••
753	P2P.ORG/141	OTH	3	1	1	58	75	93	23	B	0.1204	3740	0.8115	3	0.9304	••❚______
754	P2P.ORG/85	OTH	9	2	11	113	128	212	53	B	0.1349	3770	0.8096	3	0.9299	•••❚❚••••
755	Masternode24🔱	TVP	9	1	4	56	94	75	23	B	0.1198	3640	0.808	3	0.9295	••••❚••••
756	P2P.ORG/43	OTH	9	2	6	112	157	164	47	B	0.1277	3590	0.8079	3	0.9295	••••••❚•❚
757	Gc5Rd2...r6Pt6S	100C	9	2	2	113	0	170	7	A	0.0395	1900	0.8079	100	0.202	••••••❚•?
758	BLOCK AEGIS	TVP	9	1	8	57	68	109	28	B	0.1366	3880	0.8048	15	0.8387	•••••••❚•
759	lux8.net	OTH	9	2	7	116	154	184	58	B	0.1465	3840	0.8036	3	0.9284	•❚••••••❚
760	EAEjMJ...rwm87S	100C	9	3	6	169	129	365	82	B	0.1424	3560	0.8035	100	0.2009	•••❚•❚•❚•
761	BLACKMIRROR/BLACKMIRROR31	100C	9	2	3	113	0	176	9	A	0.0486	1950	0.803	100	0.2008	•••••❚••?
762	validierung.cc 🇩🇪/Hamburg	TVP	9	3	10	172	2	485	83	B	0.1456	3586	0.8021	3	0.928	•❚❚•••••❙
763	P2P.ORG/31	OTH	9	1	7	58	81	90	28	B	0.1407	3880	0.8017	3	0.9279	••❚••••••
764	FjDp7q...7HxdqR	100C	9	3	11	170	209	259	79	B	0.1444	3446	0.7975	100	0.1994	❚❚••❚••••
765	DVMu6S...6gsrN3	100C	9	2	2	112	138	176	51	B	0.1397	3530	0.7965	100	0.1991	•❚•••❚•••
766	P2P.ORG/24	OTH	9	1	7	56	56	105	27	B	0.1436	3680	0.7917	3	0.9254	••••••❚••
767	FUXe32...T3LK5W	100C	9	3	2	170	1	472	85	B	0.1523	3400	0.7898	100	0.1974	•••❙•••❚❚
768	DDikxH...37m7kz	OTH	9	3	8	172	188	289	94	B	0.1646	3633	0.7897	50	0.5724	••••❙•❚•❚
769	P2P.ORG/117	OTH	9	1	6	56	66	92	26	B	0.1413	3560	0.7888	3	0.9247	••❚••••••
770	D2qMPh...HKtA3K	100C	9	4	6	228	144	485	130	B	0.1713	3535	0.7886	100	0.1972	❚••❚•❙••❚
771	NeNa 🌻	TVP	9	1	5	56	70	88	26	B	0.1413	3540	0.788	10	0.872	••••❚••••
772	METASPAN	TVP	3	2	3	114	75	244	58	B	0.1538	3530	0.786	10	0.8715	❚•❚______
773	POLKACHU.COM/05	TVP	9	1	9	56	67	82	25	B	0.1437	3520	0.7854	3	0.9239	•••••❚•••
774	D7phs2...juYjK6	100C	9	3	3	170	104	364	93	B	0.1658	3486	0.7831	100	0.1958	••❚•❙•❚••
775	ETHICAL VALIDATORS	TVP	3	1	1	56	44	113	29	B	0.1559	3600	0.7794	10	0.8698	•❚•______
776	DPpbHi...aSLMKt	100C	9	1	2	56	73	52	16	B	0.1135	2740	0.7775	100	0.1944	•❚•••••••
777	BLACKMIRROR/BLACKMIRROR32	100C	9	1	6	58	0	133	20	B	0.1307	3020	0.7756	100	0.1939	•••••❚•••
778	EGJL9K...Dt1MkH	100C	9	3	1	170	122	349	102	B	0.178	3486	0.7739	100	0.1935	•❚•❚❚••••
779	RockX_Kusama5	OTH	9	1	4	56	58	88	28	B	0.1609	3480	0.7709	10	0.8677	•••••❚•••
780	P2P.ORG/55	OTH	9	3	3	172	122	357	108	B	0.184	3500	0.77	3	0.92	••••••❙❚❚
781	HXLc5J...Q3BCS9	100C	9	3	1	170	5	426	89	B	0.1712	3206	0.7681	100	0.192	•❘❚•••••❚
782	theguild	TVP	6	2	1	116	146	179	76	B	0.1895	3580	0.7612	10	0.8653	___•❙••❚•
783	🧊 Iceberg Nodes 🧊/V1	TVP	9	2	6	114	126	183	72	B	0.189	3550	0.7604	15	0.8276	•❚•••❚•••
784	P2P.ORG/137	OTH	9	1	8	56	65	91	34	B	0.1789	3480	0.7574	3	0.9168	••••❚••••
785	J2HVhQ...RqVGqm	100C	9	1	4	56	31	123	34	B	0.1809	3440	0.7544	100	0.1886	•••❚•••••
786	DPsLbh...ToYzXh	OTH	9	2	7	112	112	184	67	B	0.1846	3310	0.7543	50	0.5636	••❚•❙••••
787	STAKEPILE/02	TVP	9	2	5	112	93	217	75	B	0.1948	3420	0.7509	3	0.9152	•••••❙••❚
788	P2P.ORG/23	OTH	9	1	5	58	75	69	31	B	0.1771	3240	0.7494	3	0.9148	•••••❚•••
789	BLACKMIRROR/BLACKMIRROR15	100C	9	1	2	56	0	154	36	B	0.1895	3460	0.7487	100	0.1872	••••••••❚
790	P2P.ORG/37	OTH	9	1	4	56	64	83	33	B	0.1833	3320	0.7478	3	0.9145	••••••❚••
791	P2P.ORG/84	OTH	9	1	5	56	59	90	35	B	0.1902	3300	0.7419	3	0.913	•❚•••••••
792	P2P.ORG/61	OTH	9	1	2	56	87	31	23	B	0.1631	2620	0.7356	3	0.9114	•❚•••••••
793	F9TTbg...HF6GkA	100C	9	1	2	58	59	89	38	C+	0.2043	3260	0.7298	100	0.1824	••••❙••••
794	snf ksm validator	TVP	6	1	3	58	0	146	43	C+	0.2275	3480	0.721	15	0.8177	___•••❙••
795	STARDUST STAKING/01	TVP	9	2	3	112	127	164	84	C+	0.224	3180	0.7196	3	0.9074	•❙••••••❙
796	web3italy   ;-))	OTH	9	4	6	228	319	247	183	C+	0.2443	3160	0.7192	3	0.9073	•❚••❚•❙•!
797	AMALLYN ✨✨💎💎💎✨✨/HFR 01	TVP	9	3	5	170	146	286	134	C+	0.2367	3180	0.7179	3	0.907	•❙•••❙••❙
798	P2P.ORG/58	OTH	9	1	4	58	34	101	40	C+	0.2286	3140	0.7069	3	0.9042	•••••❙•••
799	Chainhub and Texas Blockchain/Texas Blockchain Node 1	TVP	9	3	8	172	8	375	123	C+	0.2431	2860	0.7006	10	0.8501	•❚•••❚❘••
800	DGiLC1...aRpvJZ	100C	9	3	5	172	164	259	151	C+	0.2631	3140	0.6966	100	0.1741	••••••❙❙❙
801	DPfL3z...JoQtbi	100C	9	3	4	170	1	416	156	C+	0.2723	2946	0.6821	100	0.1705	❘•••❚••❙•
802	FXCgfz...Acwv79	100C	9	4	4	227	136	418	232	C+	0.2952	3010	0.6752	100	0.1688	••❙❙❙••❙•
803	🐟Bluefin Tuna🐟/🌊Adriatic🌊	TVP	6	2	3	114	130	143	109	C+	0.2853	2950	0.6646	15	0.8037	___❚❘••••
804	TUZ	TVP	3	2	3	114	79	198	121	C	0.304	3070	0.6553	10	0.8388	❙•❙______
805	MOON LAMBOS 🌕 🏎/MURCIELAGO	TVP	3	1	0	56	0	127	55	C	0.3022	3140	0.6517	5	0.8754	•❙•______
806	RUBY​💎	TVP	9	3	4	174	169	239	191	C	0.3189	2926	0.6463	9	0.8441	•••❙•••❙❙
807	ALGO | STAKE/INDIGO ONE	TVP	9	2	6	112	138	116	117	C	0.3154	2770	0.6351	10	0.8338	•••••❙••❙
808	BLACKMIRROR/BLACKMIRROR25	100C	9	2	4	112	1	248	116	C	0.3178	2760	0.6329	100	0.1582	••••••❙•❙
809	Coinbase Cloud/lksm05	OTH	9	2	7	116	0	242	122	C	0.3352	2720	0.6183	3	0.8821	•❙••••❘••
810	J1aHBD...o7KAq8	100C	9	1	1	58	38	96	69	C	0.3399	2920	0.6148	100	0.1537	••❙••••••
811	DMUMzE...Hh6RBE	100C	9	3	5	168	135	204	199	C	0.3699	2593	0.595	100	0.1488	•!•••❚❚••
812	DXYNrS...mXnkU2	100C	9	3	5	173	1	343	214	C	0.3835	2566	0.5838	100	0.1459	•❚❚¿•••••
813	Zedazi Capital/Stake-01	OTH	6	3	1	172	125	232	226	C	0.3877	2613	0.5825	10	0.8206	___❚••❘❘•
814	Kusama Steak-King🥩🤴/Validator-01	TVP	6	2	6	112	97	139	148	C	0.3854	2540	0.5735	10	0.8184	___❚•••!•
815	GkAy7K...9Fm24b	100C	9	4	1	227	0	437	306	D+	0.4118	2450	0.5657	100	0.1414	❙❙•••❘••❘
816	Mass Stake/Validator#2	TVP	9	3	3	168	130	207	238	D+	0.4139	2453	0.5565	3	0.8666	•❙❘••••❘•
817	WildCousin.com/Validator 2	TVP	9	4	1	232	184	265	343	D+	0.4331	2445	0.5496	10	0.8124	❘•❘•❙•••❙
818	DSvpAD...gd4gbk	OTH	9	2	3	114	53	172	163	D+	0.4201	2530	0.5471	15	0.7743	••!•••••❚
819	HJ1dGP...DyeGxf	100C	9	3	8	168	156	154	257	D+	0.4533	2266	0.5197	100	0.1299	❘•❘❘•••••
820	FvwG7v...gR6VuA	100C	9	2	9	112	1	200	165	D+	0.4508	2220	0.512	100	0.128	❚••!•••••
821	BLACKMIRROR/BLACKMIRROR23	100C	9	3	4	170	2	289	267	D+	0.4785	2126	0.4953	100	0.1238	❘❙•••••❘•
822	BLACKMIRROR/BLACKMIRROR8	100C	9	3	7	174	1	301	299	D+	0.4975	2153	0.4821	100	0.1205	❙••❘•••!•
823	ilgio/2	TVP	3	1	2	58	0	99	95	D+	0.4897	2220	0.475	15	0.7563	••❘______
824	STAKEPILE	TVP	9	1	3	56	26	67	88	D+	0.4862	2060	0.4714	3	0.8453	•❘•••••••
825	♞GameTheory♜	TVP	9	1	3	56	40	51	95	D	0.5108	2000	0.4506	10	0.7877	••••❘••••
826	🤖 PolkaStats	TVP	9	3	1	170	106	155	301	D	0.5356	1926	0.4447	3	0.8387	❘•❘••❘•••
827	Anubi Digital Main Identity/ANUBI DIGITAL STASH #1	TVP	9	2	9	115	58	121	209	D	0.5387	1960	0.4359	15	0.7465	!❘•••••••
828	lucasyoda/1Cheese	TVP	6	2	3	112	0	168	191	D	0.532	1830	0.4358	10	0.7839	___•❘❘•••
829	EARNSTASH	OTH	9	3	6	168	118	131	300	D	0.5464	1826	0.4326	3	0.8357	❘❘!••••••
830	Kusama Steak-King🥩🤴/Validator-02	TVP	9	1	9	56	31	52	98	D	0.5414	1760	0.4182	10	0.7796	❘••••••••
831	COVERLET	TVP	9	2	3	114	50	106	220	D	0.5851	1730	0.3921	15	0.7355	••!•••••❘
832	🍀ARISTOPHANES🍀	TVP	9	2	4	114	0	140	234	F	0.6257	1590	0.3562	3	0.8165	•❘!••••••
833	STAKECRAFT	TVP	9	2	13	112	53	83	228	F	0.6264	1540	0.3537	6	0.7934	•❘••••!••
834	Coinbase Cloud/lksm01	OTH	9	3	4	169	1	193	350	F	0.6434	1446	0.345	3	0.8138	•••!••❘!•
835	BTCS-Kusama-Pool	100C	9	3	2	170	2	197	382	F	0.6575	1513	0.3371	100	0.0843	!•!!•••••
836	KIZOS	TVP	9	3	1	169	1	178	387	F	0.6837	1333	0.3103	10	0.7526	••!!•••!•
837	SultanOfStaking	TVP	9	1	4	58	22	41	131	F	0.6753	1480	0.3069	15	0.7142	•••••!•••
838	🚀OnFinality/Baird	TVP	9	1	5	56	7	51	122	F	0.6778	1360	0.3003	10	0.7501	••••••!••
839	Good Karma	TVP	3	1	3	56	0	58	134	F	0.6979	1340	0.2844	10	0.7461	!••______
840	Anubi Digital Main Identity/ANUBI DIGITAL STASH #2	TVP	3	1	3	58	16	45	142	F	0.6995	1320	0.2825	15	0.7081	!••______
841	H2dtfS...XHKkAf	OTH	9	2	1	116	44	65	267	F	0.7101	1250	0.2795	3	0.7974	•!•!•••••
842	ELDORADO-TECHNOLOGY.net/KV02	TVP	6	2	4	112	0	87	263	F	0.7514	960	0.2372	3	0.7868	___•!!•••
843	🐠 stakefish/SF-33	OTH	9	1	3	58	24	25	143	F	0.7448	1000	0.236	4	0.779	••••!••••
844	VISIONSTAKE 👁‍🗨/02	TVP	3	1	3	56	0	49	152	F	0.7562	1180	0.2344	10	0.7336	••!______
845	Zedazi Capital/Stake-02	TVP	3	1	1	58	28	18	138	F	0.75	1020	0.2328	10	0.7332	•!•______
846	ANAMIX1000	TVP	6	1	1	58	25	24	149	F	0.7525	1060	0.2325	8	0.7481	___•!••••
847	finalbits	TVP	9	2	4	114	5	84	301	F	0.7718	940	0.2211	10	0.7303	•••!•••!•
848	ELDORADO-TECHNOLOGY.net/KV01	TVP	9	3	8	172	0	120	466	F	0.7952	853	0.2079	10	0.727	•••••!•!!
849	Cryptolab.Network	TVP	9	2	2	114	4	71	305	F	0.8026	870	0.1953	10	0.7238	!•••••!••
850	SynerWork Inc	OTH	9	2	5	112	37	36	305	F	0.8069	850	0.1913	3	0.7753	•••!••••!
851	GontaJones	TVP	9	3	8	171	43	60	466	F	0.819	746	0.1859	10	0.7215	•!!•••••!
852	ZKValidator/ZKValidator2	OTH	9	1	9	56	2	30	137	F	0.8107	740	0.1764	10	0.7191	•••!•••••
853	☀️Shawn☀️/Emily	OTH	9	2	4	114	1	64	306	F	0.8248	690	0.1716	3	0.7704	••!•!••••
854	ShiftNrg - Validator/ShiftNrg - Stash	TVP	9	1	11	58	8	26	157	F	0.822	740	0.1679	15	0.6795	••••••!••
855	FIGMENT/3	OTH	9	2	6	114	20	40	295	F	0.831	660	0.1658	10	0.7164	••••!•!••
856	Gq4V2S...3kxEet	OTH	9	2	6	115	18	47	326	F	0.8338	690	0.1649	10	0.7162	•••!!••••
857	SynerWork Inc/#2	OTH	9	2	3	112	28	34	317	F	0.8364	710	0.1637	3	0.7684	•••!••!••
858	VALIDATHOR/1	TVP	3	2	0	116	21	41	327	F	0.8406	750	0.1621	10	0.7155	•!!______
859	Melange	TVP	9	2	3	116	0	56	315	F	0.8491	620	0.1507	10	0.7127	••!••!•••
860	EAj9UT...f7p9Hp	100C	9	1	6	57	10	19	152	F	0.8398	620	0.1499	100	0.0375	•!•••••••
861	inchainworks/INCHAINWORKS 00	TVP	9	1	3	56	0	31	166	F	0.8426	640	0.1485	10	0.7121	•••••••!•
862	🔥Vertex🔥/1	TVP	9	1	1	58	0	31	165	F	0.8418	620	0.1483	8	0.7271	•••••••!•
863	Pressburg Labs/01	TVP	9	3	3	168	25	49	485	F	0.8676	566	0.1424	3	0.7631	!•!••!•••
864	HHsEVm...tXjaJ1	OTH	9	3	5	174	34	42	510	F	0.8703	546	0.1396	5	0.7474	!••••!!••
865	Golden Gate/Whitney	TVP	9	2	2	114	18	34	335	F	0.8656	620	0.1382	10	0.7096	••!!•••••
866	☀️Shawn☀️/08🚀	OTH	9	3	2	172	0	72	505	F	0.8752	520	0.1349	3	0.7612	•••!•!••!
867	🏢 MIDL.dev/[1] bit.ly/become-a-validator	TVP	6	1	1	56	10	16	158	F	0.8587	520	0.1318	5	0.7454	___••!•••
868	Taiwan 001/002	TVP	3	1	1	58	11	14	159	F	0.8641	600	0.1308	10	0.7077	•!•______
869	Node Amused/1	TVP	9	3	4	172	1	63	481	F	0.8826	486	0.1281	10	0.707	•!••••!•¿
870	JeanPierre/1	TVP	9	2	10	116	0	47	334	F	0.8766	530	0.1265	10	0.7066	••••••!¿•
871	☀️Shawn☀️/Eason	OTH	9	1	3	58	0	26	179	F	0.8732	600	0.124	3	0.7585	•••••••!•
872	Coinbase Cloud/v02	OTH	6	1	6	57	0	25	175	F	0.875	580	0.1219	10	0.7055	___!•••••
873	STAKEZILLA	TVP	6	2	6	113	21	22	325	F	0.8832	470	0.1192	15	0.6673	___•••¿•!
874	moonbirdie.com/Staking 2	TVP	9	3	5	170	30	26	513	F	0.9016	426	0.1115	10	0.7029	•!••••!¿•
875	EQBwtm...ZmieCM	100C	9	1	4	58	6	12	135	F	0.8824	380	0.1085	100	0.0271	•••••!•••
876	Anonstake/Anonstake 2	TVP	9	1	3	56	3	18	167	F	0.8883	460	0.1072	15	0.6643	••••••!••
877	KeepNode/Lithium	OTH	9	2	5	112	20	19	350	F	0.8997	420	0.1048	3	0.7537	••¿•••••!
878	CaSTAS...ZMJZW2	100C	9	2	3	114	24	12	338	F	0.9037	390	0.1007	100	0.0252	¿!•••••••
879	***** ***/🚀	TVP	9	2	7	112	9	27	339	F	0.904	380	0.1001	10	0.7	•!•¿•••••
880	🐠 stakefish/SF-27	OTH	9	1	6	56	6	15	187	F	0.899	440	0.0984	4	0.7446	•••••••!•
881	andreita-validator-0	TVP	9	3	6	174	25	19	554	F	0.9264	313	0.0884	15	0.6596	•••¿•••¿¿
882	DARKFOREST002/002	OTH	9	1	6	58	6	11	175	F	0.9115	360	0.0859	3	0.749	¿••••••••
883	DStASE...wrdJ3r	100C	9	2	7	114	20	11	364	F	0.9215	330	0.085	100	0.0212	¿•••••••¿
884	ShiftNrg - Validator/ShiftNrg - Stash 2	TVP	9	1	4	58	8	7	161	F	0.9148	320	0.0819	15	0.658	•¿•••••••
885	Sensei	TVP	9	2	2	112	3	26	360	F	0.9254	320	0.0816	3	0.7479	••••••!•¿
886	redpenguin	TVP	9	1	7	58	7	9	185	F	0.9204	400	0.0808	15	0.6577	••••••••¿
887	Anonstake	TVP	9	1	3	58	3	12	171	F	0.9194	380	0.0808	15	0.6577	••••••¿••
888	DUdSta...HQSyMS	100C	9	1	4	56	7	8	176	F	0.9215	340	0.0776	100	0.0194	¿••••••••
889	☀️Shawn☀️	OTH	9	3	3	172	0	25	541	F	0.9558	193	0.0617	3	0.7429	••••¿•¿•¿
890	Adam_Clay_Steeber	TVP	9	2	3	112	10	10	366	F	0.9482	240	0.0615	3	0.7429	•••¿•••¿•
891	Sik | crifferent.de/Validator2	TVP	9	1	3	58	4	6	182	F	0.9479	220	0.0531	10	0.6883	••••¿••••
892	mmagician-validator-parent/mmagician-1	OTH	9	2	1	116	0	5	389	F	0.9873	60	0.0251	10	0.6813	¿¿•••••••



	——
	onet v0.9.17
